year  doy  maxRHL1  meanazm  sat   delT   minE    maxE  UTC  ObsType  p/k   DynCor  MaskPart
              m       deg           min   deg     deg   hr                        
2021  357    14.31   137.68   G1    37   19.81    5.09   6.34    3  10.114 -0.529   1
2021  357    14.29   137.68   G1    37   19.81    5.09   6.34    4  10.516 -0.529   1
2021  357    18.29   247.73   G1    34   24.98   12.10   0.55    4  11.429  0.834   2
2021  357    14.79   174.41   G4    29   24.85   12.19   3.84    4   7.602  0.729   2
2021  357    15.37   186.61   G5    30   24.86   12.10  13.18    2   9.475 -0.735   2
2021  357    15.37   186.61   G5    30   24.86   12.10  13.18    3  10.849 -0.735   2
2021  357    15.76   187.87   G6    28   24.78   12.12   9.40    3   7.212 -0.714   2
2021  357    15.84   187.87   G6    28   24.78   12.12   9.40    4   7.247 -0.714   2
2021  357    14.69   162.72   G7    31   19.93    7.62   6.84    2  10.836  0.576   1
2021  357    14.69   162.72   G7    31   19.93    7.62   6.84    3  12.008  0.576   1
2021  357    16.16   159.30   G8    35   19.88    5.08   3.80    2   7.152 -0.496   1
2021  357    16.16   159.30   G8    35   19.88    5.08   3.80    3   8.624 -0.496   1
2021  357    16.10   159.30   G8    35   19.88    5.08   3.80    4   7.810 -0.496   1
2021  357    17.79   271.85   G8    35   24.92   12.13  22.18    2   9.745  0.874   2
2021  357    17.65   271.85   G8    35   24.92   12.13  22.18    3   9.878  0.874   2
2021  357    17.82   271.85   G8    35   24.92   12.13  22.18    4  10.666  0.874   2
2021  357    14.31   195.19   G9    29   24.80   12.00   4.87    3   8.897  0.718   2
2021  357    14.34   195.19   G9    29   24.80   12.00   4.87    4   7.883  0.718   2
2021  357    17.23   147.02  G10    38   19.90    5.09  21.99    3   8.758  0.545   1
2021  357    17.35   147.02  G10    38   19.90    5.09  21.99    4  11.345  0.545   1
2021  357    17.09   262.00  G10    49   24.97   12.06  15.70    1   8.528 -1.290   2
2021  357    17.66   262.00  G10    49   24.97   12.06  15.70    3   7.815 -1.290   2
2021  357    17.54   262.00  G10    49   24.97   12.06  15.70    4   8.492 -1.290   2
2021  357    16.91   205.40  G11    31   24.99   12.19  10.46    3  10.921 -0.776   2
2021  357    16.89   205.40  G11    31   24.99   12.19  10.46    4   8.533 -0.776   2
2021  357    17.80   144.11  G14    40   19.91    5.15  10.06    4  10.845  0.563   1
2021  357    14.95   173.79  G16    29   24.94   12.07   0.96    2   9.743 -0.729   2
2021  357    14.68   163.27  G18    24   19.80    9.79  18.98    2   7.802  0.602   1
2021  357    14.85   163.27  G18    24   19.80    9.79  18.98    3   9.238  0.602   1
2021  357    14.75   163.27  G18    24   19.80    9.79  18.98    4  10.381  0.602   1
2021  357    16.38   132.75  G23    21   12.52    5.15  21.12    3   7.993  0.421   1
2021  357    17.96   238.50  G23    38   24.92   12.04  15.22    2  10.102 -0.943   2
2021  357    17.96   238.50  G23    38   24.92   12.04  15.22    3  11.859 -0.943   2
2021  357    17.85   238.50  G23    38   24.92   12.04  15.22    4  11.408 -0.943   2
2021  357    17.73   135.54  G24    38   19.95    5.16  17.85    2   7.960 -0.544   1
2021  357    14.96   135.54  G24    38   19.95    5.16  17.85    3   9.739 -0.544   1
2021  357    14.98   135.54  G24    38   19.95    5.16  17.85    4  13.801 -0.544   1
2021  357    18.91   244.99  G24    32   24.83   12.13  12.05    3  10.994  0.817   2
2021  357    18.83   244.99  G24    32   24.83   12.13  12.05    4  11.389  0.817   2
2021  357    16.53   224.66  G25    30   24.87   12.12  14.87    3   8.836  0.764   2
2021  357    16.50   224.66  G25    30   24.87   12.12  14.87    4   8.802  0.764   2
2021  357    16.43   162.14  G26    25   19.93    9.35  23.78    2   7.912 -0.587   1
2021  357    16.43   162.14  G26    25   19.93    9.35  23.78    3   8.451 -0.587   1
2021  357    17.85   162.14  G26    25   19.93    9.35  23.78    4   9.911 -0.587   1
2021  357    14.60   274.96  G26    34   24.86   12.16  18.40    3  11.888  0.866   2
2021  357    16.92   142.87  G27    36   19.83    5.07   2.69    3   7.969 -0.519   1
2021  357    16.78   253.20  G27    34   24.86   12.18  20.85    3   9.973  0.846   2
2021  357    16.60   253.20  G27    34   24.86   12.18  20.85    4  12.212  0.846   2
2021  357    15.04   183.42  G29    29   24.97   12.17  16.50    2   8.874  0.712   2
2021  357    15.04   183.42  G29    29   24.97   12.17  16.50    3   8.907  0.712   2
2021  357    15.57   176.64  G30    30   24.94   12.11   7.88    2   9.461  0.745   2
2021  357    15.57   176.64  G30    30   24.94   12.11   7.88    3  10.082  0.745   2
2021  357    15.50   176.64  G30    30   24.94   12.11   7.88    4   9.621  0.745   2
2021  357    15.88   189.65  G31    30   24.89   12.20  21.57    3   9.466 -0.754   2
2021  357    14.60   221.35  G32    34   24.92   12.10  18.80    1   8.569 -0.837   2
2021  357    14.59   221.35  G32    34   24.92   12.10  18.80    2   8.391 -0.837   2
2021  357    14.59   221.35  G32    34   24.92   12.10  18.80    3  13.107 -0.837   2
2021  357    14.63   221.35  G32    34   24.92   12.10  18.80    4  13.053 -0.837   2
2021  357    15.14   255.96  R33    34   24.92   12.02  17.98    3  11.975 -0.848   2
2021  357    15.14   255.96  R33    34   24.92   12.02  17.98    4   8.391 -0.848   2
2021  357    14.39   242.16  R36    31   24.82   12.15   6.25    4   8.330  0.785   1
2021  357    15.37   227.17  R40    27   24.77   12.10  17.23    3   8.889 -0.680   2
2021  357    15.52   227.17  R40    27   24.77   12.10  17.23    4   9.441 -0.680   2
2021  357    13.46   152.78  R43    31   19.82    5.21  21.35    3   7.380 -0.441   1
2021  357    13.46   152.78  R43    31   19.82    5.21  21.35    4   8.201 -0.441   1
2021  357    15.34   275.11  R43    35   24.94   12.09  16.25    3  12.241  0.871   2
2021  357    15.20   275.11  R43    35   24.94   12.09  16.25    4  11.117  0.871   2
2021  357    15.15   140.10  R46    32   19.86    5.03   8.11    3   8.688  0.451   1
2021  357    15.15   140.10  R46    32   19.86    5.03   8.11    4   7.226  0.451   1
2021  357    14.60   151.56  R56    30   19.77    5.22   5.44    3   8.901 -0.442   1
2021  357    14.72   151.56  R56    30   19.77    5.22   5.44    4   8.991 -0.442   1
2021  357    18.78   273.62  R56    35   24.96   12.15   0.32    3  10.957  0.876   2
2021  357    18.78   273.62  R56    35   24.96   12.15   0.32    4  13.338  0.876   2
2021  357    18.81   188.27  E59    34   24.81   12.09  11.91    2   9.771  0.849   2
2021  357    18.69   188.27  E59    34   24.81   12.09  11.91    3  15.006  0.849   2
2021  357    18.77   188.27  E59    34   24.81   12.09  11.91    4  10.475  0.849   2
2021  357    15.50   191.54  E62    35   24.85   12.03  17.10    1   8.098 -0.866   2
2021  357    15.83   191.54  E62    35   24.85   12.03  17.10    2  10.729 -0.866   2
2021  357    15.80   191.54  E62    35   24.85   12.03  17.10    3  14.141 -0.866   2
2021  357    15.71   191.54  E62    35   24.85   12.03  17.10    4  15.311 -0.866   2
2021  357    15.77   191.54  E62    35   24.85   12.03  17.10    5  12.096 -0.866   2
2021  357    14.29   262.43  E63    52   24.94   12.05  19.25    2  13.553 -1.369   2
2021  357    14.25   262.43  E63    52   24.94   12.05  19.25    3  13.840 -1.369   2
2021  357    14.22   262.43  E63    52   24.94   12.05  19.25    4  13.399 -1.369   2
2021  357    14.26   262.43  E63    52   24.94   12.05  19.25    5  12.544 -1.369   2
2021  357    14.86   185.89  E65    34   24.92   12.16   3.75    2   7.723  0.863   2
2021  357    14.92   185.89  E65    34   24.92   12.16   3.75    4   7.939  0.863   2
2021  357    15.11   185.89  E65    34   24.92   12.16   3.75    5   8.807  0.863   2
2021  357    17.20   157.69  E66    43   19.89    5.04   1.84    2  13.835  0.602   1
2021  357    17.21   157.69  E66    43   19.89    5.04   1.84    3  12.851  0.602   1
2021  357    17.25   157.69  E66    43   19.89    5.04   1.84    4  12.216  0.602   1
2021  357    16.98   157.69  E66    43   19.89    5.04   1.84    5  11.122  0.602   1
2021  357    14.69   224.83  E67    39   24.88   12.02  18.47    1  12.017 -0.956   2
2021  357    14.75   224.83  E67    39   24.88   12.02  18.47    2  13.204 -0.956   2
2021  357    14.80   224.83  E67    39   24.88   12.02  18.47    3  14.299 -0.956   2
2021  357    14.67   224.83  E67    39   24.88   12.02  18.47    4  13.784 -0.956   2
2021  357    14.71   224.83  E67    39   24.88   12.02  18.47    5  13.287 -0.956   2
2021  357    16.00   193.63  E69    34   24.96   12.03  20.20    2  11.846  0.851   2
2021  357    16.08   193.63  E69    34   24.96   12.03  20.20    3  14.826  0.851   2
2021  357    16.03   193.63  E69    34   24.96   12.03  20.20    4  12.797  0.851   2
2021  357    16.09   193.63  E69    34   24.96   12.03  20.20    5  11.052  0.851   2
2021  357    14.63   162.61  E70    15   19.92   14.14  18.35    2   7.716  0.783   1
2021  357    14.66   162.61  E70    15   19.92   14.14  18.35    3   7.311  0.783   1
2021  357    14.58   162.61  E70    15   19.92   14.14  18.35    4   7.786  0.783   1
2021  357    14.44   162.61  E70    15   19.92   14.14  18.35    5   7.356  0.783   1
2021  357    17.30   254.94  E70    45   24.90   12.15  11.22    2  11.464 -1.145   2
2021  357    17.44   254.94  E70    45   24.90   12.15  11.22    3   9.707 -1.145   2
2021  357    17.30   254.94  E70    45   24.90   12.15  11.22    4  11.596 -1.145   2
2021  357    17.52   254.94  E70    45   24.90   12.15  11.22    5   9.397 -1.145   2
2021  357    14.32   159.11  E71    41   19.95    5.08   7.25    1   7.806 -0.588   1
2021  357    14.29   159.11  E71    41   19.95    5.08   7.25    2  17.268 -0.588   1
2021  357    14.30   159.11  E71    41   19.95    5.08   7.25    3  15.279 -0.588   1
2021  357    14.30   159.11  E71    41   19.95    5.08   7.25    4  18.060 -0.588   1
2021  357    13.98   159.11  E71    41   19.95    5.08   7.25    5  10.503 -0.588   1
2021  357    18.83   251.71  E71    20   24.90   19.11   0.17    2   7.402  1.336   2
2021  357    15.15   159.33  E77    43   19.98    5.00  15.34    1   7.440 -0.596   1
2021  357    17.30   159.33  E77    43   19.98    5.00  15.34    2  10.239 -0.596   1
2021  357    17.29   159.33  E77    43   19.98    5.00  15.34    3  10.012 -0.596   1
2021  357    17.35   159.33  E77    43   19.98    5.00  15.34    4  10.551 -0.596   1
2021  357    17.57   159.33  E77    43   19.98    5.00  15.34    5  15.089 -0.596   1
2021  357    16.72   251.60  E77    24   24.89   17.93   8.22    2   7.054  1.292   2
2021  357    17.72   161.29  E79    42   19.87    5.04  10.04    2  12.338  0.588   1
2021  357    17.69   161.29  E79    42   19.87    5.04  10.04    3   9.439  0.588   1
2021  357    17.76   161.29  E79    42   19.87    5.04  10.04    4  11.118  0.588   1
2021  357    17.99   161.29  E79    42   19.87    5.04  10.04    5  14.572  0.588   1
2021  357    17.53   164.40  E82    17   19.87   13.65  23.52    2   7.646 -0.786   1
2021  357    17.80   164.40  E82    17   19.87   13.65  23.52    3   7.606 -0.786   1
2021  357    17.67   164.40  E82    17   19.87   13.65  23.52    4   7.777 -0.786   1
2021  357    17.60   164.40  E82    17   19.87   13.65  23.52    5   7.369 -0.786   1
2021  357    14.63   256.90  E82    45   24.88   12.05  16.60    1  11.190  1.135   2
2021  357    14.66   256.90  E82    45   24.88   12.05  16.60    2  11.756  1.135   2
2021  357    14.72   256.90  E82    45   24.88   12.05  16.60    3  10.683  1.135   2
2021  357    14.58   256.90  E82    45   24.88   12.05  16.60    4  11.767  1.135   2
2021  357    14.62   256.90  E82    45   24.88   12.05  16.60    5  11.106  1.135   2
2021  357    15.18   189.08  E84    34   24.96   12.09   8.93    2   9.783 -0.842   2
2021  357    15.06   189.08  E84    34   24.96   12.09   8.93    3   9.876 -0.842   2
2021  357    15.23   189.08  E84    34   24.96   12.09   8.93    4   7.749 -0.842   2
2021  357    15.13   189.08  E84    34   24.96   12.09   8.93    5  10.812 -0.842   2
2021  357    16.14   132.18  E85    23   12.49    5.02   8.59    2   7.310  0.460   1
2021  357    15.98   132.18  E85    23   12.49    5.02   8.59    3   7.925  0.460   1
2021  357    15.97   132.18  E85    23   12.49    5.02   8.59    4   7.603  0.460   1
2021  357    18.37   215.45  E85    36   24.95   12.10   2.20    3  10.159 -0.907   2
2021  357    18.30   215.45  E85    36   24.95   12.10   2.20    4  10.834 -0.907   2
2021  357    18.39   215.45  E85    36   24.95   12.10   2.20    5   8.035 -0.907   2
2021  357    18.82   182.24  E88    35   24.94   12.02   0.64    2  13.353 -0.849   2
2021  357    18.95   182.24  E88    35   24.94   12.02   0.64    3  15.471 -0.849   2
2021  357    18.78   182.24  E88    35   24.94   12.02   0.64    4  15.042 -0.849   2
2021  357    18.72   182.24  E88    35   24.94   12.02   0.64    5  10.081 -0.849   2
2021  357    16.14   137.02  E89    45   19.93    5.16  21.67    3  13.746 -0.656   1
2021  357    16.11   137.02  E89    45   19.93    5.16  21.67    4  11.115 -0.656   1
2021  357    17.17   221.91  E89    38   24.84   12.13  14.13    2   9.506  0.957   2
2021  357    17.19   221.91  E89    38   24.84   12.13  14.13    3  10.584  0.957   2
2021  357    17.18   221.91  E89    38   24.84   12.13  14.13    4   9.276  0.957   2
2021  357    14.93   133.55  E91    40   18.29    5.11  16.79    1   9.535  0.589   1
2021  357    15.07   133.55  E91    40   18.29    5.11  16.79    2  11.629  0.589   1
2021  357    14.90   133.55  E91    40   18.29    5.11  16.79    3  12.989  0.589   1
2021  357    14.96   133.55  E91    40   18.29    5.11  16.79    4  12.964  0.589   1
2021  357    14.73   133.55  E91    40   18.29    5.11  16.79    5   8.329  0.589   1
2021  357    16.76   218.86  E91    36   24.94   12.11  10.26    3   8.215 -0.897   2
2021  357    16.88   218.86  E91    36   24.94   12.11  10.26    4   9.169 -0.897   2
2021  357    17.24   218.86  E91    36   24.94   12.11  10.26    5   7.756 -0.897   2
2021  357    16.96   225.67  E94    39   24.98   12.15  22.33    1   7.543  0.979   2
2021  357    17.94   225.67  E94    39   24.98   12.15  22.33    2  12.302  0.979   2
2021  357    18.01   225.67  E94    39   24.98   12.15  22.33    3  11.250  0.979   2
2021  357    17.92   225.67  E94    39   24.98   12.15  22.33    4   8.390  0.979   2
2021  357    18.00   225.67  E94    39   24.98   12.15  22.33    5   8.960  0.979   2
2021  357    14.20   193.96  C105    31   24.84   12.10   7.37    4   9.795 -0.774   2
2021  357    14.21   193.96  C105    31   24.84   12.10   7.37    5   8.614 -0.774   2
2021  357    14.48   167.13  C106    31   24.94   12.06   5.78    4   8.208 -0.768   2
2021  357    18.19   133.05  C108    31   15.99    5.12  11.49    4   7.496 -0.499   1
2021  357    17.94   133.05  C108    31   15.99    5.12  11.49    5   8.105 -0.499   1
2021  357    14.45   229.84  C108    35   24.89   12.11   4.78    4   8.909  0.877   2
2021  357    14.31   229.84  C108    35   24.89   12.11   4.78    5  12.241  0.877   2
2021  357    14.94   136.87  C114    42   19.84    5.03  23.08    1   7.682  0.600   1
2021  357    18.12   136.87  C114    42   19.84    5.03  23.08    2  13.212  0.600   1
2021  357    18.08   136.87  C114    42   19.84    5.03  23.08    5   9.452  0.600   1
2021  357    16.18   234.86  C114    38   24.89   12.07  16.80    1   9.211 -0.954   2
2021  357    16.29   234.86  C114    38   24.89   12.07  16.80    2  10.196 -0.954   2
2021  357    16.10   234.86  C114    38   24.89   12.07  16.80    3   8.650 -0.954   2
2021  357    16.22   234.86  C114    38   24.89   12.07  16.80    5   9.538 -0.954   2
2021  357    16.94   186.63  C115    31   24.90   12.14   1.93    2   7.309  0.775   2
2021  357    16.83   186.63  C115    31   24.90   12.14   1.93    5   8.167  0.775   2
2021  357    18.59   159.96  C116    28   19.86    8.90   0.24    2  12.753  0.633   1
2021  357    17.72   159.96  C116    28   19.86    8.90   0.24    5  10.094  0.633   1
2021  357    18.67   205.57  C117    33   24.96   12.04  11.13    2  10.574  0.803   2
2021  357    17.31   205.57  C117    33   24.96   12.04  11.13    5   9.222  0.803   2
2021  357    15.44   150.46  C118    41   19.82    5.10   7.66    2   9.813  0.580   1
2021  357    15.26   150.46  C118    41   19.82    5.10   7.66    5  11.269  0.580   1
2021  357    19.14   251.72  C118    46   24.95   12.08   1.20    1  10.802 -1.167   2
2021  357    19.07   251.72  C118    46   24.95   12.08   1.20    2  13.001 -1.167   2
2021  357    19.20   251.72  C118    46   24.95   12.08   1.20    3  10.386 -1.167   2
2021  357    19.07   251.72  C118    46   24.95   12.08   1.20    5  10.282 -1.167   2
2021  357    17.23   180.01  C119    32   24.91   12.14   9.42    2   9.137  0.786   2
2021  357    17.23   180.01  C119    32   24.91   12.14   9.42    5   8.374  0.786   2
2021  357    18.62   220.62  C120    36   24.88   12.02   0.37    2  13.166 -0.893   2
2021  357    18.51   220.62  C120    36   24.88   12.02   0.37    5  12.315 -0.893   2
2021  357    14.71   170.08  C121    31   24.84   12.09  17.00    2  12.945  0.785   2
2021  357    14.62   170.08  C121    31   24.84   12.09  17.00    5  12.275  0.785   2
2021  357    14.93   143.63  C122    42   19.96    5.13  15.42    1   8.598  0.589   1
2021  357    16.09   143.63  C122    42   19.96    5.13  15.42    2  12.748  0.589   1
2021  357    16.09   143.63  C122    42   19.96    5.13  15.42    5  11.434  0.589   1
2021  357    15.23   242.92  C122    40   24.90   12.06   9.08    2   7.082 -1.023   2
2021  357    15.08   230.46  C123    35   24.91   12.01  20.70    1   7.567  0.880   2
2021  357    16.63   230.46  C123    35   24.91   12.01  20.70    2   8.323  0.880   2
2021  357    15.33   230.46  C123    35   24.91   12.01  20.70    3   7.311  0.880   2
2021  357    16.53   230.46  C123    35   24.91   12.01  20.70    5  10.094  0.880   2
2021  357    14.67   199.46  C124    32   24.82   12.04  18.60    2  12.819  0.783   2
2021  357    14.71   199.46  C124    32   24.82   12.04  18.60    5  11.215  0.783   2
2021  357    17.44   202.34  C126    33   24.99   12.04  15.62    2  10.509 -0.812   2
2021  357    17.41   202.34  C126    33   24.99   12.04  15.62    5  11.663 -0.812   2
2021  357    18.53   147.51  C127    39   19.92    5.04  12.51    2  15.119 -0.552   1
2021  357    17.88   147.51  C127    39   19.92    5.04  12.51    5  12.324 -0.552   1
2021  357    14.23   247.80  C127    38   24.93   12.00   6.01    2   9.030  0.953   2
2021  357    14.18   247.80  C127    38   24.93   12.00   6.01    3   8.208  0.953   2
2021  357    14.43   247.80  C127    38   24.93   12.00   6.01    5   7.501  0.953   2
2021  357    14.17   183.50  C128    32   24.89   12.07   6.65    2  11.049 -0.781   2
2021  357    14.25   183.50  C128    32   24.89   12.07   6.65    5  10.651 -0.781   2
2021  357    17.92   263.01  C129    40   24.97   12.11  23.03    1   9.068  0.997   1
2021  357    18.34   263.01  C129    40   24.97   12.11  23.03    2  13.413  0.997   1
2021  357    17.30   263.01  C129    40   24.97   12.11  23.03    3  11.004  0.997   1
2021  357    18.25   263.01  C129    40   24.97   12.11  23.03    5  10.487  0.997   1
2021  357    17.18   192.26  C130    32   24.83   12.13  23.18    2  12.175 -0.801   2
2021  357    14.68   137.12  C131    41   19.95    5.16  19.79    1   9.533 -0.582   1
2021  357    14.75   137.12  C131    41   19.95    5.16  19.79    2  12.785 -0.582   1
2021  357    14.72   137.12  C131    41   19.95    5.16  19.79    3   9.201 -0.582   1
2021  357    14.61   137.12  C131    41   19.95    5.16  19.79    5  16.780 -0.582   1
2021  357    18.29   235.60  C131    36   24.89   12.12  13.19    2   8.404  0.903   2
2021  357    18.36   235.60  C131    36   24.89   12.12  13.19    5  10.287  0.903   2
2021  357    18.61   173.48  C135    31   24.99   12.04  14.10    2  13.367 -0.775   2
2021  357    16.03   173.48  C135    31   24.99   12.04  14.10    5  10.829 -0.775   2
2021  357    14.61   210.89  C137    34   24.96   12.11   7.97    2  11.340 -0.846   2
2021  357    14.66   210.89  C137    34   24.96   12.11   7.97    5   7.232 -0.846   2
2021  357    14.30   156.14  C138    38   19.86    5.08   5.12    1   9.905 -0.539   1
2021  357    14.87   156.14  C138    38   19.86    5.08   5.12    2  10.916 -0.539   1
2021  357    14.84   156.14  C138    38   19.86    5.08   5.12    5   9.560 -0.539   1
2021  357    15.42   270.59  C140    40   24.92   12.11  15.76    2  10.337  0.998   2
2021  357    15.55   270.59  C140    40   24.92   12.11  15.76    5  10.186  0.998   2
2021  357    16.10   165.42  C140    19   19.98   12.17  21.70    2   8.439 -0.686   2
