year  doy  maxRHL1  meanazm  sat   delT   minE    maxE  UTC  ObsType  p/k   DynCor  MaskPart
              m       deg           min   deg     deg   hr                        
2021  345    16.44   137.67   G1    37   19.81    5.09   7.16    4  11.356 -0.528   1
2021  345    16.48   137.67   G1    37   19.81    5.09   7.16   14  12.194 -0.528   1
2021  345    17.96   247.72   G1    34   24.98   12.11   1.37    3  10.569  0.835   2
2021  345    18.00   247.72   G1    34   24.98   12.11   1.37    4  12.915  0.835   2
2021  345    17.94   247.72   G1    34   24.98   12.11   1.37   12  10.671  0.835   2
2021  345    17.99   247.72   G1    34   24.98   12.11   1.37   14  11.799  0.835   2
2021  345    14.45   218.24   G2    32   24.92   12.16  11.27    1   7.424 -0.817   2
2021  345    15.09   218.24   G2    32   24.92   12.16  11.27    2   9.552 -0.817   2
2021  345    14.93   218.24   G2    32   24.92   12.16  11.27   12  13.198 -0.817   2
2021  345    15.36   209.89   G3    30   24.95   12.07   2.75    2   7.164  0.731   2
2021  345    15.36   209.89   G3    30   24.95   12.07   2.75    3   9.446  0.731   2
2021  345    16.92   209.89   G3    30   24.95   12.07   2.75    4   8.333  0.731   2
2021  345    15.35   209.89   G3    30   24.95   12.07   2.75   12   9.256  0.731   2
2021  345    16.22   174.45   G4    29   24.98   12.10   4.66    3   8.829  0.730   2
2021  345    17.66   174.45   G4    29   24.98   12.10   4.66    4  12.707  0.730   2
2021  345    16.34   174.45   G4    29   24.98   12.10   4.66   12   9.340  0.730   2
2021  345    16.20   174.45   G4    29   24.98   12.10   4.66   13   8.817  0.730   2
2021  345    15.17   297.80   G5    33   24.86   12.17   9.40   12  11.712  0.816   2
2021  345    16.81   186.72   G5    30   24.83   12.08  14.00    2  11.068 -0.734   2
2021  345    16.81   186.72   G5    30   24.83   12.08  14.00    3  11.493 -0.734   2
2021  345    16.79   186.72   G5    30   24.83   12.08  14.00   12  11.863 -0.734   2
2021  345    16.79   186.72   G5    30   24.83   12.08  14.00   13  10.172 -0.734   2
2021  345    16.89   299.42   G6    33   24.87   12.17   5.60   12   9.204  0.828   2
2021  345    17.03   299.42   G6    33   24.87   12.17   5.60   14  10.850  0.828   2
2021  345    14.64   187.98   G6    29   24.95   12.06  10.22    2   7.515 -0.716   2
2021  345    14.78   187.98   G6    29   24.95   12.06  10.22    3   9.388 -0.716   2
2021  345    14.83   187.98   G6    29   24.95   12.06  10.22    4   9.247 -0.716   2
2021  345    14.63   187.98   G6    29   24.95   12.06  10.22   12  10.618 -0.716   2
2021  345    14.83   187.98   G6    29   24.95   12.06  10.22   14   9.345 -0.716   2
2021  345    15.32   162.70   G7    31   19.80    7.31   7.64    2  10.794  0.567   1
2021  345    15.32   162.70   G7    31   19.80    7.31   7.64    3  12.065  0.567   1
2021  345    15.32   162.70   G7    31   19.80    7.31   7.64   12  11.268  0.567   1
2021  345    15.32   162.70   G7    31   19.80    7.31   7.64   13  10.785  0.567   1
2021  345    15.79   159.24   G8    35   19.81    5.02   4.62    3   7.679 -0.493   1
2021  345    17.11   159.24   G8    35   19.81    5.02   4.62    4  13.581 -0.493   1
2021  345    17.15   159.24   G8    35   19.81    5.02   4.62   14  13.148 -0.493   1
2021  345    15.64   271.70   G8    35   24.83   12.05  22.98    3  11.115  0.870   2
2021  345    15.72   271.70   G8    35   24.83   12.05  22.98    4  10.728  0.870   2
2021  345    15.77   271.70   G8    35   24.83   12.05  22.98   12  13.186  0.870   2
2021  345    15.63   271.70   G8    35   24.83   12.05  22.98   13  10.690  0.870   2
2021  345    15.72   271.70   G8    35   24.83   12.05  22.98   14  11.599  0.870   2
2021  345    16.75   195.28   G9    29   24.84   12.05   5.69    2   9.071  0.720   2
2021  345    16.46   195.28   G9    29   24.84   12.05   5.69    3  10.276  0.720   2
2021  345    16.58   195.28   G9    29   24.84   12.05   5.69    4  10.560  0.720   2
2021  345    16.45   195.28   G9    29   24.84   12.05   5.69   12  11.118  0.720   2
2021  345    16.45   195.28   G9    29   24.84   12.05   5.69   13   8.995  0.720   2
2021  345    16.58   195.28   G9    29   24.84   12.05   5.69   14   9.785  0.720   2
2021  345    14.47   147.01  G10    38   19.90    5.10  22.80    1   8.690  0.545   1
2021  345    15.55   147.01  G10    38   19.90    5.10  22.80    2   9.435  0.545   1
2021  345    15.55   147.01  G10    38   19.90    5.10  22.80    3  14.008  0.545   1
2021  345    15.60   147.01  G10    38   19.90    5.10  22.80    4  16.142  0.545   1
2021  345    15.56   147.01  G10    38   19.90    5.10  22.80   12  14.855  0.545   1
2021  345    15.56   147.01  G10    38   19.90    5.10  22.80   13  12.597  0.545   1
2021  345    15.63   147.01  G10    38   19.90    5.10  22.80   14  13.946  0.545   1
2021  345    18.52   261.98  G10    49   24.96   12.05  16.52    3  13.254 -1.290   2
2021  345    18.43   261.98  G10    49   24.96   12.05  16.52    4  13.902 -1.290   2
2021  345    18.50   261.98  G10    49   24.96   12.05  16.52   12  13.937 -1.290   2
2021  345    18.50   261.98  G10    49   24.96   12.05  16.52   13  10.627 -1.290   2
2021  345    18.43   261.98  G10    49   24.96   12.05  16.52   14  13.201 -1.290   2
2021  345    15.89   308.09  G11    32   24.94   12.05   7.15   14  10.271  0.805   2
2021  345    14.88   205.14  G11    31   24.98   12.16  11.27    3  10.150 -0.774   2
2021  345    14.93   205.14  G11    31   24.98   12.16  11.27    4  10.160 -0.774   2
2021  345    14.87   205.14  G11    31   24.98   12.16  11.27   12  11.360 -0.774   2
2021  345    14.93   205.14  G11    31   24.98   12.16  11.27   14  10.378 -0.774   2
2021  345    15.26   202.58  G12    29   24.95   12.09  14.50    2   7.256  0.720   2
2021  345    15.26   202.58  G12    29   24.95   12.09  14.50    3   7.234  0.720   2
2021  345    15.17   250.37  G13    34   24.94   12.13  10.02   12  11.651  0.851   2
2021  345    14.79   144.26  G14    39   19.81    5.05  10.88    1  10.826  0.558   1
2021  345    15.60   144.26  G14    39   19.81    5.05  10.88    3  10.340  0.558   1
2021  345    15.64   144.26  G14    39   19.81    5.05  10.88    4  11.752  0.558   1
2021  345    15.60   144.26  G14    39   19.81    5.05  10.88   13   8.872  0.558   1
2021  345    15.68   144.26  G14    39   19.81    5.05  10.88   14  12.161  0.558   1
2021  345    18.78   256.93  G14    47   24.95   12.14   4.64    1  11.453 -1.227   2
2021  345    18.65   256.93  G14    47   24.95   12.14   4.64    3  13.389 -1.227   2
2021  345    18.57   256.93  G14    47   24.95   12.14   4.64    4  13.806 -1.227   2
2021  345    18.63   256.93  G14    47   24.95   12.14   4.64   12  12.843 -1.227   2
2021  345    18.63   256.93  G14    47   24.95   12.14   4.64   13  14.184 -1.227   2
2021  345    18.56   256.93  G14    47   24.95   12.14   4.64   14  13.247 -1.227   2
2021  345    16.32   278.81  G15    34   24.89   12.09  11.32   12  11.633  0.845   2
2021  345    16.65   174.08  G16    29   24.98   12.10   1.80    2   8.727 -0.731   2
2021  345    16.64   174.08  G16    29   24.98   12.10   1.80   12  12.816 -0.731   2
2021  345    15.67   288.31  G16    33   24.80   12.18  20.81   12  10.424  0.831   2
2021  345    16.40   210.80  G17    31   24.80   12.17   7.52    2   7.589 -0.771   2
2021  345    16.25   210.80  G17    31   24.80   12.17   7.52    3  11.238 -0.771   2
2021  345    16.24   210.80  G17    31   24.80   12.17   7.52   12  10.968 -0.771   2
2021  345    16.24   210.80  G17    31   24.80   12.17   7.52   13   9.079 -0.771   2
2021  345    15.89   163.32  G18    23   19.85   10.03  19.80    3   9.017  0.607   1
2021  345    15.82   163.32  G18    23   19.85   10.03  19.80    4   9.838  0.607   1
2021  345    15.90   163.32  G18    23   19.85   10.03  19.80   12   9.411  0.607   1
2021  345    15.90   163.32  G18    23   19.85   10.03  19.80   13   8.662  0.607   1
2021  345    15.85   163.32  G18    23   19.85   10.03  19.80   14   9.798  0.607   1
2021  345    15.93   220.68  G19    32   24.93   12.16   8.05   12   9.748 -0.817   2
2021  345    15.38   289.45  G20    35   24.91   12.04   8.18   12  13.697  0.863   2
2021  345    16.00   176.87  G20    29   24.99   12.15  13.03    2   7.119 -0.722   2
2021  345    15.21   132.79  G23    21   12.37    5.01  21.93    3   8.650  0.415   1
2021  345    15.37   132.79  G23    21   12.37    5.01  21.93    4   8.395  0.415   1
2021  345    18.37   238.40  G23    38   24.90   12.01  16.04    3  14.884 -0.941   2
2021  345    18.28   238.40  G23    38   24.90   12.01  16.04    4  12.211 -0.941   2
2021  345    18.21   238.40  G23    38   24.90   12.01  16.04   12  15.353 -0.941   2
2021  345    18.21   238.40  G23    38   24.90   12.01  16.04   13  10.980 -0.941   2
2021  345    18.27   238.40  G23    38   24.90   12.01  16.04   14  10.387 -0.941   2
2021  345    17.37   135.50  G24    38   19.90    5.11  18.67    2   9.033 -0.542   1
2021  345    17.37   135.50  G24    38   19.90    5.11  18.67    3   9.373 -0.542   1
2021  345    17.50   135.50  G24    38   19.90    5.11  18.67    4  12.636 -0.542   1
2021  345    17.53   135.50  G24    38   19.90    5.11  18.67   14  11.149 -0.542   1
2021  345    15.78   244.91  G24    33   24.91   12.01  12.86    2   7.885  0.816   2
2021  345    17.20   244.91  G24    33   24.91   12.01  12.86    3   8.862  0.816   2
2021  345    17.21   244.91  G24    33   24.91   12.01  12.86    4  12.826  0.816   2
2021  345    17.18   244.91  G24    33   24.91   12.01  12.86   12  10.475  0.816   2
2021  345    17.20   244.91  G24    33   24.91   12.01  12.86   14  11.156  0.816   2
2021  345    18.42   224.41  G25    31   24.80   12.04  15.67   14  10.379  0.760   2
2021  345    16.81   162.28  G26    35   19.82    5.18   0.76    2  10.476 -0.501   1
2021  345    16.81   162.28  G26    35   19.82    5.18   0.76    3  12.201 -0.501   1
2021  345    16.78   162.28  G26    35   19.82    5.18   0.76    4  13.570 -0.501   1
2021  345    16.70   162.28  G26    35   19.82    5.18   0.76   12  11.060 -0.501   1
2021  345    16.82   162.28  G26    35   19.82    5.18   0.76   13  10.372 -0.501   1
2021  345    16.82   162.28  G26    35   19.82    5.18   0.76   14  12.277 -0.501   1
2021  345    16.11   275.00  G26    35   25.00   12.12  19.22    3  11.868  0.869   2
2021  345    16.09   275.00  G26    35   25.00   12.12  19.22   12  13.266  0.869   2
2021  345    16.23   275.00  G26    35   25.00   12.12  19.22   13  10.266  0.869   2
2021  345    16.20   275.00  G26    35   25.00   12.12  19.22   14  13.052  0.869   2
2021  345    17.29   142.91  G27    37   19.99    5.02   3.51    2  11.241 -0.521   1
2021  345    17.29   142.91  G27    37   19.99    5.02   3.51    3  13.896 -0.521   1
2021  345    18.29   142.91  G27    37   19.99    5.02   3.51    4  12.646 -0.521   1
2021  345    17.29   142.91  G27    37   19.99    5.02   3.51   12  11.756 -0.521   1
2021  345    17.29   142.91  G27    37   19.99    5.02   3.51   13  12.168 -0.521   1
2021  345    18.33   142.91  G27    37   19.99    5.02   3.51   14  11.710 -0.521   1
2021  345    15.39   253.23  G27    34   24.90   12.03  21.67    2   7.068  0.843   2
2021  345    15.25   253.23  G27    34   24.90   12.03  21.67    3  14.037  0.843   2
2021  345    15.32   253.23  G27    34   24.90   12.03  21.67    4  15.696  0.843   2
2021  345    15.23   253.23  G27    34   24.90   12.03  21.67   12  13.226  0.843   2
2021  345    15.23   253.23  G27    34   24.90   12.03  21.67   13  12.707  0.843   2
2021  345    15.31   253.23  G27    34   24.90   12.03  21.67   14  14.143  0.843   2
2021  345    15.47   183.10  G29    29   24.98   12.18  17.30    2   8.693  0.712   2
2021  345    15.47   183.10  G29    29   24.98   12.18  17.30    3  10.147  0.712   2
2021  345    15.45   183.10  G29    29   24.98   12.18  17.30   12   9.829  0.712   2
2021  345    14.65   176.86  G30    29   24.79   12.16   8.70    2   9.613  0.743   2
2021  345    14.80   176.86  G30    29   24.79   12.16   8.70    3  10.476  0.743   2
2021  345    14.84   176.86  G30    29   24.79   12.16   8.70    4  10.149  0.743   2
2021  345    14.78   176.86  G30    29   24.79   12.16   8.70   12  11.357  0.743   2
2021  345    14.78   176.86  G30    29   24.79   12.16   8.70   13   8.682  0.743   2
2021  345    14.83   176.86  G30    29   24.79   12.16   8.70   14   9.729  0.743   2
2021  345    15.45   189.70  G31    30   24.79   12.10  22.39    2  11.109 -0.750   2
2021  345    15.30   189.70  G31    30   24.79   12.10  22.39    3  11.948 -0.750   2
2021  345    15.28   189.70  G31    30   24.79   12.10  22.39   12  12.443 -0.750   2
2021  345    15.28   189.70  G31    30   24.79   12.10  22.39   13  11.279 -0.750   2
2021  345    16.86   221.13  G32    34   24.97   12.13  19.60    3  12.058 -0.838   2
2021  345    16.85   221.13  G32    34   24.97   12.13  19.60    4   9.688 -0.838   2
2021  345    16.84   221.13  G32    34   24.97   12.13  19.60   12  10.772 -0.838   2
2021  345    16.84   221.13  G32    34   24.97   12.13  19.60   13  11.467 -0.838   2
2021  345    16.84   221.13  G32    34   24.97   12.13  19.60   14  10.694 -0.838   2
2021  345    12.68   151.22  R33    31   19.99    5.03  14.06    3   7.018 -0.445   1
2021  345    12.68   151.22  R33    31   19.99    5.03  14.06    4   8.570 -0.445   1
2021  345    14.90   272.98  R33    34   24.83   12.09   8.94    4   7.880  0.864   2
2021  345    15.73   242.38  R40    31   24.93   12.06   7.07    3   9.124  0.786   1
2021  345    15.58   242.38  R40    31   24.93   12.06   7.07    4   9.185  0.786   1
2021  345    17.61   243.65  R46    31   24.94   12.12  15.10    4  10.302  0.790   1
2021  345    14.21   152.83  R47    31   19.96    5.13  22.22    4   8.537 -0.442   1
2021  345    14.18   152.83  R47    31   19.96    5.13  22.22   14   9.349 -0.442   1
2021  345    14.18   152.83  R47    31   19.96    5.13  22.22   15   9.356 -0.442   1
2021  345    17.82   274.98  R47    35   24.96   12.07  17.12    3  12.949  0.868   2
2021  345    17.82   274.98  R47    35   24.96   12.07  17.12    4  14.544  0.868   2
2021  345    17.81   274.98  R47    35   24.96   12.07  17.12   13   9.476  0.868   2
2021  345    17.81   274.98  R47    35   24.96   12.07  17.12   14  12.391  0.868   2
2021  345    17.81   274.98  R47    35   24.96   12.07  17.12   15  12.371  0.868   2
2021  345    12.78   149.08  R52    31   19.90    5.49   6.14    3  10.153 -0.471   1
2021  345    12.78   149.08  R52    31   19.90    5.49   6.14    4   8.349 -0.471   1
2021  345    14.92   255.91  R56    32   24.87   12.16  10.98    3   9.700 -0.835   2
2021  345    14.78   255.91  R56    32   24.87   12.16  10.98    4  10.180 -0.835   2
2021  345    15.72   297.69  E59    43   24.98   12.12  20.87   11  10.092  1.066   2
2021  345    15.63   297.69  E59    43   24.98   12.12  20.87   12  14.292  1.066   2
2021  345    15.66   297.69  E59    43   24.98   12.12  20.87   13  11.904  1.066   2
2021  345    15.70   297.69  E59    43   24.98   12.12  20.87   14  11.079  1.066   2
2021  345    18.75   257.70  E60    47   24.97   12.13   4.10    1  10.938 -1.226   2
2021  345    18.68   257.70  E60    47   24.97   12.13   4.10    2  14.313 -1.226   2
2021  345    18.70   257.70  E60    47   24.97   12.13   4.10    3  16.353 -1.226   2
2021  345    18.65   257.70  E60    47   24.97   12.13   4.10    4  14.913 -1.226   2
2021  345    18.59   257.70  E60    47   24.97   12.13   4.10    5  11.416 -1.226   2
2021  345    18.67   257.70  E60    47   24.97   12.13   4.10   12  14.989 -1.226   2
2021  345    18.68   257.70  E60    47   24.97   12.13   4.10   13  14.439 -1.226   2
2021  345    18.49   257.70  E60    47   24.97   12.13   4.10   14  13.305 -1.226   2
2021  345    17.46   138.86  E61    45   19.93    5.09  14.65    2  11.222 -0.650   1
2021  345    17.34   138.86  E61    45   19.93    5.09  14.65    3  14.256 -0.650   1
2021  345    17.39   138.86  E61    45   19.93    5.09  14.65    4  13.277 -0.650   1
2021  345    17.34   138.86  E61    45   19.93    5.09  14.65   12  12.478 -0.650   1
2021  345    17.50   138.86  E61    45   19.93    5.09  14.65   13  10.493 -0.650   1
2021  345    17.38   138.86  E61    45   19.93    5.09  14.65   14   9.337 -0.650   1
2021  345    17.66   138.86  E61    45   19.93    5.09  14.65   15   9.829 -0.650   1
2021  345    15.37   224.17  E61    39   24.86   12.01   7.11    1  11.747  0.970   2
2021  345    15.36   224.17  E61    39   24.86   12.01   7.11    2  12.464  0.970   2
2021  345    15.37   224.17  E61    39   24.86   12.01   7.11    3  10.431  0.970   2
2021  345    15.41   224.17  E61    39   24.86   12.01   7.11    4  12.940  0.970   2
2021  345    15.31   224.17  E61    39   24.86   12.01   7.11    5   9.982  0.970   2
2021  345    15.38   224.17  E61    39   24.86   12.01   7.11   11   9.329  0.970   2
2021  345    15.34   224.17  E61    39   24.86   12.01   7.11   12   9.463  0.970   2
2021  345    15.51   224.17  E61    39   24.86   12.01   7.11   13  10.768  0.970   2
2021  345    15.40   224.17  E61    39   24.86   12.01   7.11   14  13.075  0.970   2
2021  345    17.89   133.12  E62    33   15.33    5.13   1.53    2   7.877  0.546   1
2021  345    17.62   133.12  E62    33   15.33    5.13   1.53    3   8.226  0.546   1
2021  345    17.79   133.12  E62    33   15.33    5.13   1.53    4   8.263  0.546   1
2021  345    17.11   191.72  E63    35   24.93   12.07   4.92    2  11.050  0.867   2
2021  345    17.11   191.72  E63    35   24.93   12.07   4.92    3   8.600  0.867   2
2021  345    17.11   191.72  E63    35   24.93   12.07   4.92    4  11.752  0.867   2
2021  345    17.19   191.72  E63    35   24.93   12.07   4.92    5  12.768  0.867   2
2021  345    17.11   191.72  E63    35   24.93   12.07   4.92   13  12.913  0.867   2
2021  345    17.10   191.72  E63    35   24.93   12.07   4.92   14  11.148  0.867   2
2021  345    16.75   191.72  E63    35   24.93   12.07   4.92   15  11.734  0.867   2
2021  345    18.03   198.15  E65    36   24.90   12.05  18.24    2  12.060 -0.878   2
2021  345    17.96   198.15  E65    36   24.90   12.05  18.24    3  14.030 -0.878   2
2021  345    18.01   198.15  E65    36   24.90   12.05  18.24    4  12.138 -0.878   2
2021  345    17.95   198.15  E65    36   24.90   12.05  18.24    5   8.197 -0.878   2
2021  345    17.93   198.15  E65    36   24.90   12.05  18.24   12  13.079 -0.878   2
2021  345    18.03   198.15  E65    36   24.90   12.05  18.24   13   9.749 -0.878   2
2021  345    17.85   198.15  E65    36   24.90   12.05  18.24   14  11.493 -0.878   2
2021  345    18.24   198.15  E65    36   24.90   12.05  18.24   15  12.319 -0.878   2
2021  345    15.01   262.36  E66    46   24.91   12.12   9.82    1   8.588  1.153   2
2021  345    15.00   262.36  E66    46   24.91   12.12   9.82    2  13.088  1.153   2
2021  345    14.91   262.36  E66    46   24.91   12.12   9.82    3  13.183  1.153   2
2021  345    14.91   262.36  E66    46   24.91   12.12   9.82    4  12.469  1.153   2
2021  345    14.96   262.36  E66    46   24.91   12.12   9.82    5  12.515  1.153   2
2021  345    14.88   262.36  E66    46   24.91   12.12   9.82   12  13.459  1.153   2
2021  345    15.00   262.36  E66    46   24.91   12.12   9.82   13  14.563  1.153   2
2021  345    14.90   262.36  E66    46   24.91   12.12   9.82   14  13.621  1.153   2
2021  345    18.39   168.36  E66    35   24.92   12.01  16.53    2  15.146 -0.862   2
2021  345    18.42   168.36  E66    35   24.92   12.01  16.53    3  13.904 -0.862   2
2021  345    18.50   168.36  E66    35   24.92   12.01  16.53    4  14.331 -0.862   2
2021  345    18.30   168.36  E66    35   24.92   12.01  16.53    5  10.718 -0.862   2
2021  345    18.39   168.36  E66    35   24.92   12.01  16.53   12  14.675 -0.862   2
2021  345    18.38   168.36  E66    35   24.92   12.01  16.53   13  12.761 -0.862   2
2021  345    18.34   168.36  E66    35   24.92   12.01  16.53   14  14.130 -0.862   2
2021  345    18.74   168.36  E66    35   24.92   12.01  16.53   15   9.655 -0.862   2
2021  345    18.28   163.37  E67    36   19.98    7.11   3.00    2  15.337  0.645   1
2021  345    18.29   163.37  E67    36   19.98    7.11   3.00    3  15.366  0.645   1
2021  345    18.38   163.37  E67    36   19.98    7.11   3.00    4  16.586  0.645   1
2021  345    18.33   163.37  E67    36   19.98    7.11   3.00    5  12.642  0.645   1
2021  345    18.29   163.37  E67    36   19.98    7.11   3.00   12  15.792  0.645   1
2021  345    18.47   163.37  E67    36   19.98    7.11   3.00   13  15.394  0.645   1
2021  345    18.38   163.37  E67    36   19.98    7.11   3.00   14  15.223  0.645   1
2021  345    17.40   134.90  E69    47   19.98    5.01   6.33    1   9.900 -0.661   1
2021  345    17.20   134.90  E69    47   19.98    5.01   6.33    2  12.091 -0.661   1
2021  345    16.97   134.90  E69    47   19.98    5.01   6.33    3   8.384 -0.661   1
2021  345    17.12   134.90  E69    47   19.98    5.01   6.33    4   8.175 -0.661   1
2021  345    17.34   134.90  E69    47   19.98    5.01   6.33    5  12.794 -0.661   1
2021  345    17.39   134.90  E69    47   19.98    5.01   6.33   11   8.969 -0.661   1
2021  345    17.23   134.90  E69    47   19.98    5.01   6.33   13  10.019 -0.661   1
2021  345    16.90   134.90  E69    47   19.98    5.01   6.33   15   9.433 -0.661   1
2021  345    15.33   322.42  E71    49   24.90   12.02   9.27   12   9.260  1.257   2
2021  345    15.20   263.43  E71    49   24.89   12.14  12.15    2  11.003 -1.270   2
2021  345    15.26   263.43  E71    49   24.89   12.14  12.15    4   8.861 -1.270   2
2021  345    15.30   263.43  E71    49   24.89   12.14  12.15    5   9.392 -1.270   2
2021  345    15.20   263.43  E71    49   24.89   12.14  12.15   13  10.126 -1.270   2
2021  345    14.86   263.43  E71    49   24.89   12.14  12.15   15  10.687 -1.270   2
2021  345    15.87   168.63  E71    34   24.92   12.02  19.53    2  14.980  0.837   2
2021  345    15.83   168.63  E71    34   24.92   12.02  19.53    3  13.670  0.837   2
2021  345    15.76   168.63  E71    34   24.92   12.02  19.53    4  14.094  0.837   2
2021  345    15.81   168.63  E71    34   24.92   12.02  19.53    5  14.044  0.837   2
2021  345    15.80   168.63  E71    34   24.92   12.02  19.53   12  13.300  0.837   2
2021  345    15.87   168.63  E71    34   24.92   12.02  19.53   13  13.749  0.837   2
2021  345    15.75   168.63  E71    34   24.92   12.02  19.53   14  13.319  0.837   2
2021  345    15.45   139.61  E73    44   19.93    5.07  17.86    1   8.928  0.613   1
2021  345    17.18   139.61  E73    44   19.93    5.07  17.86    2  10.965  0.613   1
2021  345    17.19   139.61  E73    44   19.93    5.07  17.86    3  14.773  0.613   1
2021  345    17.23   139.61  E73    44   19.93    5.07  17.86    4  13.556  0.613   1
2021  345    17.19   139.61  E73    44   19.93    5.07  17.86   12  13.258  0.613   1
2021  345    17.34   139.61  E73    44   19.93    5.07  17.86   13  11.397  0.613   1
2021  345    17.23   139.61  E73    44   19.93    5.07  17.86   14  11.794  0.613   1
2021  345    16.04   313.21  E73    40   24.87   12.04   6.79   12  10.717  0.994   2
2021  345    16.27   313.21  E73    40   24.87   12.04   6.79   13  10.414  0.994   2
2021  345    16.14   313.21  E73    40   24.87   12.04   6.79   14   8.878  0.994   2
2021  345    16.51   313.21  E73    40   24.87   12.04   6.79   15   9.306  0.994   2
2021  345    14.92   225.64  E73    37   24.95   12.10  11.30    1   9.163 -0.922   2
2021  345    14.91   225.64  E73    37   24.95   12.10  11.30    2  11.088 -0.922   2
2021  345    14.95   225.64  E73    37   24.95   12.10  11.30    3  12.201 -0.922   2
2021  345    14.97   225.64  E73    37   24.95   12.10  11.30    4   8.964 -0.922   2
2021  345    15.01   225.64  E73    37   24.95   12.10  11.30    5   9.830 -0.922   2
2021  345    14.93   225.64  E73    37   24.95   12.10  11.30   12  12.322 -0.922   2
2021  345    14.90   225.64  E73    37   24.95   12.10  11.30   13  10.227 -0.922   2
2021  345    14.96   225.64  E73    37   24.95   12.10  11.30   14  10.569 -0.922   2
2021  345    17.82   319.45  E77    54   24.97   12.01  17.46   12   9.886  1.426   2
2021  345    17.45   319.45  E77    54   24.97   12.01  17.46   14   9.886  1.426   2
2021  345    16.20   266.04  E77    55   24.96   12.13  20.10    1   7.310 -1.450   2
2021  345    16.61   266.04  E77    55   24.96   12.13  20.10    2   9.209 -1.450   2
2021  345    16.65   266.04  E77    55   24.96   12.13  20.10    3  12.378 -1.450   2
2021  345    16.62   266.04  E77    55   24.96   12.13  20.10    4  10.251 -1.450   2
2021  345    16.54   266.04  E77    55   24.96   12.13  20.10    5   8.813 -1.450   2
2021  345    16.63   266.04  E77    55   24.96   12.13  20.10   12  12.788 -1.450   2
2021  345    16.75   266.04  E77    55   24.96   12.13  20.10   13  10.467 -1.450   2
2021  345    16.61   266.04  E77    55   24.96   12.13  20.10   14  11.536 -1.450   2
2021  345    16.63   267.70  E79    47   24.96   12.04  18.19    2   9.528  1.163   2
2021  345    16.53   267.70  E79    47   24.96   12.04  18.19    3   9.472  1.163   2
2021  345    16.50   267.70  E79    47   24.96   12.04  18.19    4   8.587  1.163   2
2021  345    16.57   267.70  E79    47   24.96   12.04  18.19    5   8.788  1.163   2
2021  345    16.50   267.70  E79    47   24.96   12.04  18.19   12  10.229  1.163   2
2021  345    16.63   267.70  E79    47   24.96   12.04  18.19   13   9.817  1.163   2
2021  345    16.12   267.70  E79    47   24.96   12.04  18.19   15  13.145  1.163   2
2021  345    17.11   188.22  E82    35   24.92   12.05   1.78    2  13.391 -0.852   2
2021  345    17.11   188.22  E82    35   24.92   12.05   1.78    3  14.001 -0.852   2
2021  345    17.11   188.22  E82    35   24.92   12.05   1.78    4  13.388 -0.852   2
2021  345    17.18   188.22  E82    35   24.92   12.05   1.78    5  10.126 -0.852   2
2021  345    17.08   188.22  E82    35   24.92   12.05   1.78   12  12.994 -0.852   2
2021  345    17.10   188.22  E82    35   24.92   12.05   1.78   13  10.854 -0.852   2
2021  345    16.95   188.22  E82    35   24.92   12.05   1.78   14  12.530 -0.852   2
2021  345    17.03   188.22  E82    35   24.92   12.05   1.78   15   8.983 -0.852   2
2021  345    14.91   136.48  E83    45   19.85    5.01   9.79    1  11.731  0.632   1
2021  345    14.94   136.48  E83    45   19.85    5.01   9.79    2  15.732  0.632   1
2021  345    14.90   136.48  E83    45   19.85    5.01   9.79    3  14.491  0.632   1
2021  345    15.05   136.48  E83    45   19.85    5.01   9.79    4  16.506  0.632   1
2021  345    14.90   136.48  E83    45   19.85    5.01   9.79   11   8.899  0.632   1
2021  345    14.90   136.48  E83    45   19.85    5.01   9.79   12  16.320  0.632   1
2021  345    15.10   136.48  E83    45   19.85    5.01   9.79   13  13.891  0.632   1
2021  345    14.93   136.48  E83    45   19.85    5.01   9.79   14  13.343  0.632   1
2021  345    15.04   136.48  E83    45   19.85    5.01   9.79   15  11.092  0.632   1
2021  345    18.13   222.00  E83    38   24.97   12.07   3.25    2  11.522 -0.930   2
2021  345    18.18   222.00  E83    38   24.97   12.07   3.25    3  14.966 -0.930   2
2021  345    18.10   222.00  E83    38   24.97   12.07   3.25    4  13.931 -0.930   2
2021  345    18.19   222.00  E83    38   24.97   12.07   3.25    5   7.987 -0.930   2
2021  345    18.15   222.00  E83    38   24.97   12.07   3.25   12  13.908 -0.930   2
2021  345    18.12   222.00  E83    38   24.97   12.07   3.25   13  12.237 -0.930   2
2021  345    18.09   222.00  E83    38   24.97   12.07   3.25   14  13.084 -0.930   2
2021  345    15.34   200.45  E84    34   24.81   12.14  21.45    1   7.507  0.868   2
2021  345    15.26   200.45  E84    34   24.81   12.14  21.45    2  14.175  0.868   2
2021  345    15.29   200.45  E84    34   24.81   12.14  21.45    3  14.881  0.868   2
2021  345    15.31   200.45  E84    34   24.81   12.14  21.45    4  14.425  0.868   2
2021  345    15.21   200.45  E84    34   24.81   12.14  21.45    5  14.002  0.868   2
2021  345    15.26   200.45  E84    34   24.81   12.14  21.45   12  14.416  0.868   2
2021  345    15.25   200.45  E84    34   24.81   12.14  21.45   13  14.859  0.868   2
2021  345    15.15   200.45  E84    34   24.81   12.14  21.45   14  14.743  0.868   2
2021  345    15.32   143.39  E85    45   20.00    5.09  22.95    1  12.249 -0.635   1
2021  345    15.39   143.39  E85    45   20.00    5.09  22.95    2  15.533 -0.635   1
2021  345    15.31   143.39  E85    45   20.00    5.09  22.95    3  16.877 -0.635   1
2021  345    15.37   143.39  E85    45   20.00    5.09  22.95    4  17.135 -0.635   1
2021  345    15.32   143.39  E85    45   20.00    5.09  22.95   11  12.070 -0.635   1
2021  345    15.31   143.39  E85    45   20.00    5.09  22.95   12  18.402 -0.635   1
2021  345    15.42   143.39  E85    45   20.00    5.09  22.95   13  16.998 -0.635   1
2021  345    15.24   143.39  E85    45   20.00    5.09  22.95   14  15.975 -0.635   1
2021  345    15.36   143.39  E85    45   20.00    5.09  22.95   15  12.319 -0.635   1
2021  345    18.57   228.92  E85    40   24.91   12.02  15.43    2  13.506  0.993   2
2021  345    18.59   228.92  E85    40   24.91   12.02  15.43    3  13.772  0.993   2
2021  345    18.53   228.92  E85    40   24.91   12.02  15.43    4  12.230  0.993   2
2021  345    18.48   228.92  E85    40   24.91   12.02  15.43    5   8.393  0.993   2
2021  345    18.56   228.92  E85    40   24.91   12.02  15.43   12  13.939  0.993   2
2021  345    18.56   228.92  E85    40   24.91   12.02  15.43   13  13.044  0.993   2
2021  345    18.52   228.92  E85    40   24.91   12.02  15.43   14  13.220  0.993   2
2021  345    17.22   193.83  E88    34   24.86   12.07  13.07    2  13.916  0.859   2
2021  345    17.36   193.83  E88    34   24.86   12.07  13.07    3  13.337  0.859   2
2021  345    17.22   193.83  E88    34   24.86   12.07  13.07    4  12.746  0.859   2
2021  345    17.15   193.83  E88    34   24.86   12.07  13.07    5  10.658  0.859   2
2021  345    17.33   193.83  E88    34   24.86   12.07  13.07   12  14.206  0.859   2
2021  345    17.36   193.83  E88    34   24.86   12.07  13.07   13  13.563  0.859   2
2021  345    17.21   193.83  E88    34   24.86   12.07  13.07   14  12.459  0.859   2
2021  345    17.59   193.83  E88    34   24.86   12.07  13.07   15  11.122  0.859   2
2021  345    14.93   161.50  E89    40   19.34    5.10   0.33    1  10.571 -0.577   1
2021  345    16.33   161.50  E89    40   19.34    5.10   0.33    2  16.311 -0.577   1
2021  345    16.35   161.50  E89    40   19.34    5.10   0.33    3  15.509 -0.577   1
2021  345    16.30   161.50  E89    40   19.34    5.10   0.33    4  15.551 -0.577   1
2021  345    16.12   161.50  E89    40   19.34    5.10   0.33    5  10.094 -0.577   1
2021  345    14.92   161.50  E89    40   19.34    5.10   0.33   11   9.581 -0.577   1
2021  345    16.35   161.50  E89    40   19.34    5.10   0.33   12  14.866 -0.577   1
2021  345    16.37   161.50  E89    40   19.34    5.10   0.33   13  16.142 -0.577   1
2021  345    16.30   161.50  E89    40   19.34    5.10   0.33   14  16.089 -0.577   1
2021  345    16.56   161.50  E89    40   19.34    5.10   0.33   15  12.011 -0.577   1
2021  345    16.11   232.69  E91    40   24.94   12.14  23.62    1  12.320  1.019   2
2021  345    16.18   232.69  E91    40   24.94   12.14  23.62    2  14.368  1.019   2
2021  345    16.13   232.69  E91    40   24.94   12.14  23.62    3  14.476  1.019   2
2021  345    16.21   232.69  E91    40   24.94   12.14  23.62    4  12.688  1.019   2
2021  345    16.27   232.69  E91    40   24.94   12.14  23.62    5  13.090  1.019   2
2021  345    16.23   232.69  E91    40   24.94   12.14  23.62   11  11.325  1.019   2
2021  345    16.24   232.69  E91    40   24.94   12.14  23.62   12  15.210  1.019   2
2021  345    16.33   232.69  E91    40   24.94   12.14  23.62   13  14.186  1.019   2
2021  345    16.20   232.69  E91    40   24.94   12.14  23.62   14  14.883  1.019   2
2021  345    15.63   164.16  E94    21   19.97   12.40   8.30    2   9.781 -0.749   1
2021  345    15.75   164.16  E94    21   19.97   12.40   8.30    3   9.006 -0.749   1
2021  345    15.71   164.16  E94    21   19.97   12.40   8.30    4   9.344 -0.749   1
2021  345    15.67   164.16  E94    21   19.97   12.40   8.30    5   9.516 -0.749   1
2021  345    15.75   164.16  E94    21   19.97   12.40   8.30   12   8.820 -0.749   1
2021  345    15.66   164.16  E94    21   19.97   12.40   8.30   13   9.426 -0.749   1
2021  345    15.71   164.16  E94    21   19.97   12.40   8.30   14   9.960 -0.749   1
2021  345    18.00   256.42  E94    46   24.90   12.01   1.33    2  11.918  1.142   2
2021  345    18.06   256.42  E94    46   24.90   12.01   1.33    3  10.872  1.142   2
2021  345    18.12   256.42  E94    46   24.90   12.01   1.33    4  12.525  1.142   2
2021  345    17.77   256.42  E94    46   24.90   12.01   1.33    5   8.411  1.142   2
2021  345    18.03   256.42  E94    46   24.90   12.01   1.33   12  10.134  1.142   2
2021  345    18.14   256.42  E94    46   24.90   12.01   1.33   13   9.796  1.142   2
2021  345    17.96   256.42  E94    46   24.90   12.01   1.33   14  13.619  1.142   2
2021  345    18.35   256.42  E94    46   24.90   12.01   1.33   15  10.479  1.142   2
2021  345    17.70   163.31  C105    31   19.86    7.62  17.27    4  12.003  0.587   1
2021  345    17.69   163.31  C105    31   19.86    7.62  17.27    5  13.441  0.587   1
2021  345    17.70   163.31  C105    31   19.86    7.62  17.27   13  12.865  0.587   1
2021  345    17.70   163.31  C105    31   19.86    7.62  17.27   14  10.884  0.587   1
2021  345    15.10   320.71  C105    55   24.95   12.10   8.33   13   9.548  1.568   2
2021  345    15.57   320.71  C105    55   24.95   12.10   8.33   14   9.189  1.568   2
2021  345    14.74   272.82  C105    58   24.97   12.02  10.36    4  12.595 -1.599   2
2021  345    14.71   272.82  C105    58   24.97   12.02  10.36    5  13.832 -1.599   2
2021  345    14.71   272.82  C105    58   24.97   12.02  10.36   13  14.610 -1.599   2
2021  345    14.58   272.82  C105    58   24.97   12.02  10.36   14  12.713 -1.599   2
2021  345    18.27   136.50  C106    41   19.97    5.15  16.00    4  13.512  0.592   1
2021  345    18.20   136.50  C106    41   19.97    5.15  16.00    5  15.077  0.592   1
2021  345    18.21   136.50  C106    41   19.97    5.15  16.00   13  14.056  0.592   1
2021  345    18.39   136.50  C106    41   19.97    5.15  16.00   14   9.660  0.592   1
2021  345    14.91   234.84  C106    37   24.84   12.16   9.71    3  10.162 -0.926   2
2021  345    15.01   234.84  C106    37   24.84   12.16   9.71    4  14.645 -0.926   2
2021  345    14.99   234.84  C106    37   24.84   12.16   9.71    5  14.388 -0.926   2
2021  345    14.98   234.84  C106    37   24.84   12.16   9.71   13  15.419 -0.926   2
2021  345    14.85   234.84  C106    37   24.84   12.16   9.71   14  13.193 -0.926   2
2021  345    18.23   194.74  C108    32   24.94   12.15  16.10    4  10.795 -0.799   2
2021  345    17.49   194.74  C108    32   24.94   12.15  16.10    5  10.603 -0.799   2
2021  345    17.48   194.74  C108    32   24.94   12.15  16.10   13  11.042 -0.799   2
2021  345    18.08   194.74  C108    32   24.94   12.15  16.10   14   9.862 -0.799   2
2021  345    18.39   194.54  C113    31   24.91   12.01   3.22    2  12.112  0.777   2
2021  345    16.51   194.54  C113    31   24.91   12.01   3.22    5  11.370  0.777   2
2021  345    16.50   194.54  C113    31   24.91   12.01   3.22   13  12.395  0.777   2
2021  345    18.39   194.54  C113    31   24.91   12.01   3.22   15  11.487  0.777   2
2021  345    18.06   167.69  C114    32   24.84   12.13   1.66    2  12.365  0.788   2
2021  345    17.31   167.69  C114    32   24.84   12.13   1.66    5  10.368  0.788   2
2021  345    17.44   167.69  C114    32   24.84   12.13   1.66   13  11.276  0.788   2
2021  345    18.05   167.69  C114    32   24.84   12.13   1.66   15  12.134  0.788   2
2021  345    16.98   154.97  C115    38   19.83    5.03  13.89    2  14.895 -0.537   1
2021  345    12.04   154.97  C115    38   19.83    5.03  13.89    3   8.280 -0.537   1
2021  345    16.80   154.97  C115    38   19.83    5.03  13.89    5  13.656 -0.537   1
2021  345    16.81   154.97  C115    38   19.83    5.03  13.89   13  14.079 -0.537   1
2021  345    17.02   154.97  C115    38   19.83    5.03  13.89   15  14.245 -0.537   1
2021  345    15.15   257.10  C115    39   24.88   12.04   7.52    1  10.962  0.983   2
2021  345    15.22   257.10  C115    39   24.88   12.04   7.52    2  12.622  0.983   2
2021  345    15.29   257.10  C115    39   24.88   12.04   7.52    3   7.372  0.983   2
2021  345    15.22   257.10  C115    39   24.88   12.04   7.52    5  11.752  0.983   2
2021  345    15.40   257.10  C115    39   24.88   12.04   7.52   12   9.241  0.983   2
2021  345    15.21   257.10  C115    39   24.88   12.04   7.52   13  13.978  0.983   2
2021  345    15.21   257.10  C115    39   24.88   12.04   7.52   15  14.912  0.983   2
2021  345    16.85   224.12  C116    34   24.85   12.13   5.21    2  10.283  0.854   1
2021  345    16.88   224.12  C116    34   24.85   12.13   5.21    5   8.129  0.854   1
2021  345    17.03   224.12  C116    34   24.85   12.13   5.21   13   9.864  0.854   1
2021  345    16.88   224.12  C116    34   24.85   12.13   5.21   15   9.943  0.854   1
2021  345    17.86   277.96  C117    40   24.92   12.07  17.19    3  11.857  0.991   2
2021  345    17.96   277.96  C117    40   24.92   12.07  17.19   12  11.027  0.991   2
2021  345    17.82   277.96  C117    40   24.92   12.07  17.19   13  13.855  0.991   2
2021  345    17.88   277.96  C117    40   24.92   12.07  17.19   15  11.682  0.991   2
2021  345    15.26   171.96  C117    32   24.91   12.12  22.85    2  12.764 -0.785   2
2021  345    15.26   171.96  C117    32   24.91   12.12  22.85    5  11.968 -0.785   2
2021  345    15.25   171.96  C117    32   24.91   12.12  22.85   13  13.528 -0.785   2
2021  345    15.25   171.96  C117    32   24.91   12.12  22.85   15  13.068 -0.785   2
2021  345    12.56   212.84  C118    33   24.92   12.06  12.43    1   7.577  0.819   2
2021  345    16.97   212.84  C118    33   24.92   12.06  12.43    2  11.878  0.819   2
2021  345    16.98   212.84  C118    33   24.92   12.06  12.43    5   8.762  0.819   2
2021  345    16.83   212.84  C118    33   24.92   12.06  12.43   13  11.081  0.819   2
2021  345    16.96   212.84  C118    33   24.92   12.06  12.43   15  10.686  0.819   2
2021  345    15.73   147.94  C119    39   19.99    5.18  21.31    2  16.508 -0.559   1
2021  345    13.94   147.94  C119    39   19.99    5.18  21.31    3   9.410 -0.559   1
2021  345    15.64   147.94  C119    39   19.99    5.18  21.31    5  14.268 -0.559   1
2021  345    15.65   147.94  C119    39   19.99    5.18  21.31   13  13.705 -0.559   1
2021  345    15.77   147.94  C119    39   19.99    5.18  21.31   15  16.165 -0.559   1
2021  345    15.81   248.40  C119    38   24.84   12.08  14.82    1   8.909  0.952   2
2021  345    18.46   248.40  C119    38   24.84   12.08  14.82    2  14.694  0.952   2
2021  345    18.52   248.40  C119    38   24.84   12.08  14.82    5  13.967  0.952   2
2021  345    18.51   248.40  C119    38   24.84   12.08  14.82   13  13.982  0.952   2
2021  345    18.61   248.40  C119    38   24.84   12.08  14.82   15  12.032  0.952   2
2021  345    15.67   188.09  C120    31   24.95   12.12  10.72    2  11.684  0.784   2
2021  345    15.64   188.09  C120    31   24.95   12.12  10.72    5   7.957  0.784   2
2021  345    15.63   188.09  C120    31   24.95   12.12  10.72   13  10.942  0.784   2
2021  345    15.66   188.09  C120    31   24.95   12.12  10.72   15  11.664  0.784   2
2021  345    15.35   237.02  C121    37   24.99   12.13  22.12    1  12.459  0.912   2
2021  345    15.34   237.02  C121    37   24.99   12.13  22.12    2  14.756  0.912   2
2021  345    15.26   237.02  C121    37   24.99   12.13  22.12    3  11.628  0.912   2
2021  345    15.33   237.02  C121    37   24.99   12.13  22.12    5  15.074  0.912   2
2021  345    15.48   237.02  C121    37   24.99   12.13  22.12   12   9.860  0.912   2
2021  345    15.32   237.02  C121    37   24.99   12.13  22.12   13  15.458  0.912   2
2021  345    15.33   237.02  C121    37   24.99   12.13  22.12   15  15.051  0.912   2
2021  345    12.96   206.06  C122    32   24.83   12.04  20.00    1   7.062  0.796   2
2021  345    15.71   206.06  C122    32   24.83   12.04  20.00    2  10.863  0.796   2
2021  345    15.54   206.06  C122    32   24.83   12.04  20.00    5  10.330  0.796   2
2021  345    15.67   206.06  C122    32   24.83   12.04  20.00   13  10.712  0.796   2
2021  345    15.71   206.06  C122    32   24.83   12.04  20.00   15   9.743  0.796   2
2021  345    16.84   163.97  C123    38   19.92    5.10   6.47    2  10.033 -0.531   1
2021  345    17.02   163.97  C123    38   19.92    5.10   6.47    5   9.837 -0.531   1
2021  345    17.03   163.97  C123    38   19.92    5.10   6.47   13   9.158 -0.531   1
2021  345    17.00   163.97  C123    38   19.92    5.10   6.47   15  10.080 -0.531   1
2021  345    17.45   268.72  C123    40   24.97   12.22   0.33    2   9.996  1.008   2
2021  345    17.44   268.72  C123    40   24.97   12.22   0.33    5   9.476  1.008   2
2021  345    17.43   268.72  C123    40   24.97   12.22   0.33   13  13.676  1.008   2
2021  345    17.44   268.72  C123    40   24.97   12.22   0.33   15  11.703  1.008   2
2021  345    12.50   135.70  C124    41   19.92    5.00   4.43    1   8.413 -0.580   1
2021  345    18.36   135.70  C124    41   19.92    5.00   4.43    2  12.941 -0.580   1
2021  345    12.71   135.70  C124    41   19.92    5.00   4.43    3   8.796 -0.580   1
2021  345    18.30   135.70  C124    41   19.92    5.00   4.43    5  13.567 -0.580   1
2021  345    12.54   135.70  C124    41   19.92    5.00   4.43   12   8.663 -0.580   1
2021  345    18.31   135.70  C124    41   19.92    5.00   4.43   13  10.339 -0.580   1
2021  345    18.40   135.70  C124    41   19.92    5.00   4.43   15   8.833 -0.580   1
2021  345    17.09   138.64  C126    24   19.85   11.07   0.20    2   9.419  0.736   1
2021  345    17.24   138.64  C126    24   19.85   11.07   0.20    5   7.946  0.736   1
2021  345    17.13   138.64  C126    24   19.85   11.07   0.20   15   9.051  0.736   1
2021  345    17.11   308.16  C127    36   24.97   12.10  12.36   15   8.819  0.894   2
2021  345    18.32   210.62  C127    34   24.98   12.02  16.79    2  11.950 -0.837   2
2021  345    18.50   210.62  C127    34   24.98   12.02  16.79    5  13.282 -0.837   2
2021  345    18.49   210.62  C127    34   24.98   12.02  16.79   13  11.466 -0.837   2
2021  345    18.32   210.62  C127    34   24.98   12.02  16.79   15  10.676 -0.837   2
2021  345    18.11   154.57  C128    40   19.86    5.05  16.55    2  17.434  0.562   1
2021  345    18.08   154.57  C128    40   19.86    5.05  16.55    5  15.777  0.562   1
2021  345    18.09   154.57  C128    40   19.86    5.05  16.55   13  16.257  0.562   1
2021  345    18.15   154.57  C128    40   19.86    5.05  16.55   15  17.571  0.562   1
2021  345    15.94   318.97  C128    46   24.96   12.13   7.35   13  11.678  1.195   2
2021  345    14.83   257.62  C128    47   24.89   12.14  10.00    1  14.545 -1.231   2
2021  345    14.75   257.62  C128    47   24.89   12.14  10.00    2  13.657 -1.231   2
2021  345    14.86   257.62  C128    47   24.89   12.14  10.00    3  13.947 -1.231   2
2021  345    14.93   257.62  C128    47   24.89   12.14  10.00    5  13.051 -1.231   2
2021  345    14.96   257.62  C128    47   24.89   12.14  10.00   12  13.134 -1.231   2
2021  345    14.93   257.62  C128    47   24.89   12.14  10.00   13  12.707 -1.231   2
2021  345    14.89   257.62  C128    47   24.89   12.14  10.00   15  13.380 -1.231   2
2021  345    16.04   190.29  C129    32   25.00   12.11   7.83    2  12.397 -0.792   2
2021  345    16.12   190.29  C129    32   25.00   12.11   7.83    5  10.810 -0.792   2
2021  345    15.97   190.29  C129    32   25.00   12.11   7.83   13  11.944 -0.792   2
2021  345    16.03   190.29  C129    32   25.00   12.11   7.83   15  12.612 -0.792   2
2021  345    15.62   132.50  C130    22   12.12    5.11   7.54    2   7.545  0.442   1
2021  345    15.45   132.50  C130    22   12.12    5.11   7.54    5   8.926  0.442   1
2021  345    15.46   132.50  C130    22   12.12    5.11   7.54   13   8.864  0.442   1
2021  345    17.09   227.20  C130    37   24.89   12.12   1.47    2  12.105 -0.930   2
2021  345    17.11   227.20  C130    37   24.89   12.12   1.47    5  12.157 -0.930   2
2021  345    17.10   227.20  C130    37   24.89   12.12   1.47   13  12.943 -0.930   2
2021  345    17.09   227.20  C130    37   24.89   12.12   1.47   15  10.647 -0.930   2
2021  345    16.18   301.38  C131    37   24.90   12.17  19.56   13  13.112  0.915   2
2021  345    16.25   301.38  C131    37   24.90   12.17  19.56   15  10.617  0.915   2
2021  345    18.27   243.47  C135    41   24.97   12.04  17.80    1  10.961 -1.031   2
2021  345    18.38   243.47  C135    41   24.97   12.04  17.80    2  12.499 -1.031   2
2021  345    18.42   243.47  C135    41   24.97   12.04  17.80    5  10.665 -1.031   2
2021  345    18.41   243.47  C135    41   24.97   12.04  17.80   13  12.236 -1.031   2
2021  345    18.37   243.47  C135    41   24.97   12.04  17.80   15  13.008 -1.031   2
2021  345    15.28   287.73  C136    39   24.85   12.06   9.98   13   9.730  0.968   2
2021  345    15.28   287.73  C136    39   24.85   12.06   9.98   15   9.541  0.968   2
2021  345    17.80   181.36  C136    32   24.91   12.02  15.38    2  11.350 -0.776   2
2021  345    16.92   181.36  C136    32   24.91   12.02  15.38    5  10.281 -0.776   2
2021  345    16.91   181.36  C136    32   24.91   12.02  15.38   13  10.472 -0.776   2
2021  345    17.80   181.36  C136    32   24.91   12.02  15.38   15   9.075 -0.776   2
2021  345    16.78   179.22  C137    31   24.80   12.15  18.18    2  11.395  0.779   2
2021  345    16.83   179.22  C137    31   24.80   12.15  18.18    5   8.126  0.779   2
2021  345    16.82   179.22  C137    31   24.80   12.15  18.18   13   9.052  0.779   2
2021  345    16.78   179.22  C137    31   24.80   12.15  18.18   15   9.992  0.779   2
2021  345    17.51   311.92  C138    36   24.99   12.02   5.06   13  12.528  0.902   2
2021  345    15.24   220.63  C138    35   24.82   12.15   9.15    1  10.714 -0.883   2
2021  345    15.27   220.63  C138    35   24.82   12.15   9.15    2  12.855 -0.883   2
2021  345    15.26   220.63  C138    35   24.82   12.15   9.15    3   8.302 -0.883   2
2021  345    15.14   220.63  C138    35   24.82   12.15   9.15    5  12.059 -0.883   2
2021  345    15.27   220.63  C138    35   24.82   12.15   9.15   13  13.200 -0.883   2
2021  345    15.26   220.63  C138    35   24.82   12.15   9.15   15  13.492 -0.883   2
2021  345    14.92   159.64  C139    40   19.99    5.07   8.90    1  12.250  0.560   1
2021  345    14.86   159.64  C139    40   19.99    5.07   8.90    2  18.483  0.560   1
2021  345    14.82   159.64  C139    40   19.99    5.07   8.90    5  17.241  0.560   1
2021  345    15.08   159.64  C139    40   19.99    5.07   8.90   12   9.625  0.560   1
2021  345    14.83   159.64  C139    40   19.99    5.07   8.90   13  17.400  0.560   1
2021  345    14.89   159.64  C139    40   19.99    5.07   8.90   15  17.634  0.560   1
2021  345    17.29   265.98  C139    56   24.99   12.00   2.17    2   8.197 -1.491   2
2021  345    17.28   265.98  C139    56   24.99   12.00   2.17   15  11.127 -1.491   2
2021  345    16.24   197.11  C140    33   24.97   12.01   0.31    2  14.367 -0.810   2
2021  345    16.29   197.11  C140    33   24.97   12.01   0.31    5   9.249 -0.810   2
2021  345    16.28   197.11  C140    33   24.97   12.01   0.31   13  10.315 -0.810   2
2021  345    16.23   197.11  C140    33   24.97   12.01   0.31   15  13.481 -0.810   2
