winrhtime   winrh
342.0000   2.0490
342.0069   2.1574
342.0139   2.1267
342.0208   2.0959
342.0278   2.0652
342.0347   2.0642
342.0417   1.9682
342.0486   1.9315
342.0556   1.8566
342.0625   1.7816
342.0694   1.5765
342.0764   1.4738
342.0833   1.2768
342.0903   1.1591
342.0972   1.1492
342.1042   1.0031
342.1111   0.6885
342.1181   0.5006
342.1250   0.4385
342.1319   0.2934
342.1389   0.1027
342.1458   -0.0792
342.1528   -0.2807
342.1597   -0.3667
342.1667   -0.5709
342.1736   -0.7341
342.1806   -0.9227
342.1875   -1.1302
342.1944   -1.1095
342.2014   -1.2240
342.2083   -1.3783
342.2153   -1.7388
342.2222   -1.7875
342.2292   -1.8666
342.2361   -1.9753
342.2431   -2.0275
342.2500   -1.9256
342.2569   -1.9996
342.2639   -2.2823
342.2708   -2.3224
342.2778   -2.2207
342.2847   -2.6515
342.2917   -2.5877
342.2986   -2.3797
342.3056   -2.3238
342.3125   -2.0181
342.3194   -1.9172
342.3264   -1.8277
342.3333   -1.9254
342.3403   -1.8163
342.3472   -1.6396
342.3542   -1.5269
342.3611   -1.3726
342.3681   -1.2019
342.3750   -1.0453
342.3819   -0.8232
342.3889   -0.6408
342.3958   -0.5140
342.4028   -0.3297
342.4097   -0.1563
342.4167   0.0231
342.4236   0.2084
342.4306   0.3801
342.4375   0.5711
342.4444   0.7620
342.4514   0.9532
342.4583   1.0009
342.4653   1.1650
342.4722   1.2051
342.4792   1.3652
342.4861   1.5181
342.4931   1.6709
342.5000   1.9143
342.5069   1.6703
342.5139   2.2948
342.5208   2.0609
342.5278   2.0804
342.5347   2.0998
342.5417   2.5028
342.5486   2.5521
342.5556   2.2725
342.5625   1.8853
342.5694   1.8283
342.5764   1.7709
342.5833   1.7639
342.5903   1.5362
342.5972   1.3834
342.6042   1.2828
342.6111   1.0668
342.6181   0.9761
342.6250   0.8498
342.6319   0.7451
342.6389   0.9369
342.6458   0.7485
342.6528   0.6360
342.6597   0.3922
342.6667   0.1702
342.6736   -0.0772
342.6806   -0.2271
342.6875   -0.5828
342.6944   -0.7188
342.7014   -0.8879
342.7083   -0.9750
342.7153   -1.0487
342.7222   -1.1935
342.7292   -1.2818
342.7361   -1.3891
342.7431   -1.4710
342.7500   -1.5335
342.7569   -1.2889
342.7639   -1.4537
342.7708   -1.5072
342.7778   -1.8006
342.7847   -1.9319
342.7917   -1.9586
342.7986   -1.4755
342.8056   -1.4748
342.8125   -1.3974
342.8194   -1.6366
342.8264   -1.5226
342.8333   -1.4403
342.8403   -1.5764
342.8472   -1.5386
342.8542   -1.6115
342.8611   -1.4415
342.8681   -1.3643
342.8750   -1.3069
342.8819   -1.0552
342.8889   -0.8836
342.8958   -0.8000
342.9028   -0.6703
342.9097   -0.5233
342.9167   -0.3828
342.9236   -0.2688
342.9306   -0.1270
342.9375   0.0149
342.9444   -0.2408
342.9514   -0.0433
342.9583   0.0937
342.9653   0.0822
342.9722   0.5640
342.9792   0.8225
342.9861   0.8811
342.9931   0.9740
343.0000   1.0169
343.0069   1.2370
343.0139   1.3055
343.0208   1.4457
343.0278   1.6894
343.0347   1.7270
343.0417   1.6974
343.0486   1.7469
343.0556   1.7395
343.0625   1.7121
343.0694   1.6097
343.0764   1.7709
343.0833   1.7452
343.0903   1.7077
343.0972   1.6703
343.1042   1.2285
343.1111   1.3079
343.1181   1.0289
343.1250   1.1896
343.1319   1.0269
343.1389   1.0647
343.1458   0.8922
343.1528   0.6936
343.1597   0.5161
343.1667   0.3513
343.1736   0.1860
343.1806   0.0188
343.1875   -0.1336
343.1944   -0.3028
343.2014   -0.4896
343.2083   -0.6165
343.2153   -0.8101
343.2222   -0.9544
343.2292   -1.1111
343.2361   -1.2789
343.2431   -1.3929
343.2500   -1.4731
343.2569   -1.5533
343.2639   -1.6817
343.2708   -1.7915
343.2778   -1.6856
343.2847   -2.0789
343.2917   -2.0599
343.2986   -2.0810
343.3056   -2.1179
343.3125   -2.1367
343.3194   -2.0373
343.3264   -1.7524
343.3333   -1.6887
343.3403   -1.7371
343.3472   -1.8848
343.3542   -1.7165
343.3611   -1.5597
343.3681   -1.6322
343.3750   -1.5057
343.3819   -1.4558
343.3889   -1.3866
343.3958   -1.2229
343.4028   -1.1100
343.4097   -0.9131
343.4167   -0.7661
343.4236   -0.6213
343.4306   -0.4909
343.4375   -0.3099
343.4444   -0.1647
343.4514   -0.0247
343.4583   0.1452
343.4653   0.2725
343.4722   0.4029
343.4792   0.5447
343.4861   0.6767
343.4931   0.8153
343.5000   0.9566
343.5069   1.0303
343.5139   1.1551
343.5208   1.2291
343.5278   1.3356
343.5347   1.4421
343.5417   1.5486
343.5486   1.7196
343.5556   1.5445
343.5625   1.6584
343.5694   1.7251
343.5764   1.8442
343.5833   1.8681
343.5903   1.6276
343.5972   1.6157
343.6042   1.9193
343.6111   1.8260
343.6181   1.6602
343.6250   1.6072
343.6319   1.3559
343.6389   1.2428
343.6458   1.4999
343.6528   1.3430
343.6597   1.1650
343.6667   1.0036
343.6736   0.7982
343.6806   0.6357
343.6875   0.5068
343.6944   0.3068
343.7014   0.0935
343.7083   -0.0424
343.7153   -0.1497
343.7222   -0.3662
343.7292   -0.5009
343.7361   -0.6006
343.7431   -0.8116
343.7500   -0.8276
343.7569   -0.9721
343.7639   -1.0983
343.7708   -1.2283
343.7778   -1.3961
343.7847   -1.4542
343.7917   -1.5343
343.7986   -1.6116
343.8056   -1.6184
343.8125   -1.5732
343.8194   -1.2639
343.8264   -1.6095
343.8333   -1.6065
343.8403   -1.5615
343.8472   -1.6293
343.8542   -1.5774
343.8611   -1.6454
343.8681   -1.5265
343.8750   -1.3578
343.8819   -1.2723
343.8889   -1.2165
343.8958   -1.1340
343.9028   -1.0000
343.9097   -1.0604
343.9167   -0.8772
343.9236   -0.7826
343.9306   -0.8086
343.9375   -0.6764
343.9444   -0.5435
343.9514   -0.4449
343.9583   -0.3094
343.9653   -0.1739
343.9722   -0.0283
343.9792   0.1012
343.9861   0.2333
343.9931   0.4609
344.0000   0.5753
344.0069   0.7298
344.0139   0.8455
344.0208   0.8969
344.0278   0.9820
344.0347   1.1139
344.0417   1.2089
344.0486   0.9745
344.0556   1.0077
344.0625   1.0410
344.0694   1.2575
344.0764   1.2406
344.0833   1.3642
344.0903   1.3330
344.0972   1.2960
344.1042   1.2540
344.1111   1.2121
344.1181   1.1150
344.1250   1.3063
344.1319   1.2850
344.1389   1.1509
344.1458   1.1158
344.1528   1.0500
344.1597   0.8962
344.1667   0.8263
344.1736   0.7500
344.1806   0.6122
344.1875   0.4798
344.1944   0.2908
344.2014   0.1781
344.2083   0.0624
344.2153   -0.0496
344.2222   -0.1888
344.2292   -0.3028
344.2361   -0.4638
344.2431   -0.5408
344.2500   -0.7067
344.2569   -0.8103
344.2639   -0.9612
344.2708   -1.0627
344.2778   -1.1547
344.2847   -1.3823
344.2917   -1.4275
344.2986   -1.4739
344.3056   -1.5178
344.3125   -1.5690
344.3194   -1.6172
344.3264   -1.6723
344.3333   -1.7058
344.3403   -1.7238
344.3472   -1.8300
344.3542   -1.7199
344.3611   -1.5942
344.3681   -1.6119
344.3750   -1.4820
344.3819   -1.4416
344.3889   -1.4563
344.3958   -1.3966
344.4028   -1.2998
344.4097   -1.4076
344.4167   -1.2991
344.4236   -1.1947
344.4306   -1.0902
344.4375   -0.9030
344.4444   -0.7586
344.4514   -0.6237
344.4583   -0.5032
344.4653   -0.3922
344.4722   -0.2640
344.4792   -0.1587
344.4861   -0.0195
344.4931   0.1130
344.5000   0.2392
344.5069   0.3783
344.5139   0.5184
344.5208   0.4892
344.5278   0.5207
344.5347   0.6319
344.5417   0.7653
344.5486   0.8881
344.5556   1.0915
344.5625   1.1761
344.5694   1.2607
344.5764   1.2713
344.5833   1.4245
344.5903   1.5488
344.5972   1.5814
344.6042   1.4201
344.6111   1.7026
344.6181   1.7364
344.6250   1.4156
344.6319   1.4649
344.6389   1.2376
344.6458   1.3962
344.6528   1.4088
344.6597   1.1311
344.6667   1.1141
344.6736   1.2607
344.6806   1.1988
344.6875   1.0752
344.6944   1.2129
344.7014   1.1089
344.7083   0.9912
344.7153   0.8534
344.7222   0.7368
344.7292   0.6237
344.7361   0.5049
344.7431   0.3913
344.7500   0.3009
344.7569   0.1560
344.7639   0.0411
344.7708   -0.0870
344.7778   -0.1515
344.7847   -0.2687
344.7917   -0.3886
344.7986   -0.4956
344.8056   -0.5999
344.8125   -0.7359
344.8194   -0.8000
344.8264   -0.8666
344.8333   -0.9246
344.8403   -0.8741
344.8472   -0.9879
344.8542   -1.0230
344.8611   -0.9357
344.8681   -0.8858
344.8750   -0.9427
344.8819   -1.1516
344.8889   -1.0562
344.8958   -1.0970
344.9028   -1.0868
344.9097   -1.0712
344.9167   -0.9093
344.9236   -1.0562
344.9306   -0.9636
344.9375   -0.8748
344.9444   -0.8176
344.9514   -0.6317
344.9583   -0.5852
344.9653   -0.5573
344.9722   -0.4523
344.9792   -0.3398
344.9861   -0.2350
344.9931   -0.1170
345.0000   -0.0145
345.0069   0.0843
345.0139   0.1946
345.0208   0.2980
345.0278   0.3975
345.0347   0.4577
345.0417   0.5414
345.0486   0.6547
345.0556   0.6816
345.0625   0.7511
345.0694   0.7919
345.0764   0.8585
345.0833   0.9221
345.0903   1.0501
345.0972   1.0650
345.1042   1.2429
345.1111   1.0150
345.1181   1.1551
345.1250   1.0278
345.1319   0.9697
345.1389   0.9279
345.1458   0.9330
345.1528   0.8930
345.1597   0.9897
345.1667   0.9499
345.1736   0.9102
345.1806   1.0293
345.1875   0.9353
345.1944   0.8838
345.2014   0.9445
345.2083   0.8705
345.2153   0.7104
345.2222   0.6833
345.2292   0.6121
345.2361   0.4901
345.2431   0.4111
345.2500   0.3051
345.2569   0.1999
345.2639   0.1148
345.2708   -0.0186
345.2778   -0.0412
345.2847   -0.1475
345.2917   -0.2411
345.2986   -0.3738
345.3056   -0.5205
345.3125   -0.6068
345.3194   -0.7355
345.3264   -0.7637
345.3333   -0.8290
345.3403   -0.9345
345.3472   -1.0511
345.3542   -1.2014
345.3611   -1.2317
345.3681   -1.2781
345.3750   -1.2565
345.3819   -1.3835
345.3889   -1.4167
345.3958   -1.4414
345.4028   -1.5345
345.4097   -1.5539
345.4167   -1.5470
345.4236   -1.5322
345.4306   -1.5674
345.4375   -1.3987
345.4444   -1.3438
345.4514   -1.2899
345.4583   -1.2603
345.4653   -1.0944
345.4722   -1.0041
345.4792   -0.9139
345.4861   -0.8148
345.4931   -0.7019
345.5000   -0.5753
345.5069   -0.4796
345.5139   -0.3937
345.5208   -0.2888
345.5278   -0.1433
345.5347   -0.0326
345.5417   0.0665
345.5486   0.1763
345.5556   0.2862
345.5625   0.3663
345.5694   0.4667
345.5764   0.5609
345.5833   0.6599
345.5903   0.7945
345.5972   0.8821
345.6042   0.9635
345.6111   1.1057
345.6181   1.1945
345.6250   1.3410
345.6319   1.4343
345.6389   1.3777
345.6458   1.4232
345.6528   1.4398
345.6597   1.4765
345.6667   1.4794
345.6736   1.4820
345.6806   1.3626
345.6875   1.3656
345.6944   1.4002
345.7014   1.3521
345.7083   1.3205
345.7153   1.2774
345.7222   1.1956
345.7292   1.2066
345.7361   0.8749
345.7431   0.7539
345.7500   0.7071
345.7569   0.7425
345.7639   0.6144
345.7708   0.5392
345.7778   0.5121
345.7847   0.4129
345.7917   0.3030
345.7986   0.1709
345.8056   -0.0111
345.8125   -0.0798
345.8194   -0.1877
345.8264   -0.2624
345.8333   -0.4107
345.8403   -0.4680
345.8472   -0.6460
345.8542   -0.7185
345.8611   -0.7829
345.8681   -0.8288
345.8750   -0.8840
345.8819   -0.9272
345.8889   -1.0019
345.8958   -1.0564
345.9028   -1.1480
345.9097   -1.0767
345.9167   -1.0809
345.9236   -1.2906
345.9306   -1.2355
345.9375   -1.1919
345.9444   -1.0705
345.9514   -0.9997
345.9583   -0.9852
345.9653   -0.9432
345.9722   -0.9297
345.9792   -0.8629
345.9861   -0.7869
345.9931   -0.7007
346.0000   -0.6433
346.0069   -0.5500
346.0139   -0.4843
346.0208   -0.4003
346.0278   -0.3259
346.0347   -0.3932
346.0417   -0.2931
346.0486   -0.2213
346.0556   -0.1615
346.0625   -0.0811
346.0694   0.0897
346.0764   0.1708
346.0833   0.2519
346.0903   0.3331
346.0972   0.4415
346.1042   0.5351
346.1111   0.4276
346.1181   0.4790
346.1250   0.5233
346.1319   0.5676
346.1389   0.6326
346.1458   0.6982
346.1528   0.6164
346.1597   0.7483
346.1667   0.7676
346.1736   0.7489
346.1806   0.7478
346.1875   0.7474
346.1944   0.7403
346.2014   0.7341
346.2083   0.7188
346.2153   0.7627
346.2222   0.7407
346.2292   0.6590
346.2361   0.6149
346.2431   0.4777
346.2500   0.4457
346.2569   0.4764
346.2639   0.4166
346.2708   0.3618
346.2778   0.3688
346.2847   0.3059
346.2917   0.1337
346.2986   0.0180
346.3056   -0.1348
346.3125   -0.2114
346.3194   -0.4435
346.3264   -0.5146
346.3333   -0.4830
346.3403   -0.6747
346.3472   -0.6612
346.3542   -0.7756
346.3611   -0.7825
346.3681   -0.8895
346.3750   -0.9458
346.3819   -1.0372
346.3889   -1.0790
346.3958   -1.1624
346.4028   -1.2205
346.4097   -1.2585
346.4167   -1.2767
346.4236   -1.3388
346.4306   -1.3277
346.4375   -1.3274
346.4444   -1.3312
346.4514   -1.2445
346.4583   -1.2192
346.4653   -1.2001
346.4722   -1.2094
346.4792   -1.1765
346.4861   -1.1445
346.4931   -1.1134
346.5000   -1.0192
346.5069   -0.9632
346.5139   -0.9069
346.5208   -0.8566
346.5278   -0.7862
346.5347   -0.7201
346.5417   -0.6559
346.5486   -0.5625
346.5556   -0.4525
346.5625   -0.3773
346.5694   -0.2613
346.5764   -0.1597
346.5833   0.0198
346.5903   0.1163
346.5972   0.1797
346.6042   0.2903
346.6111   0.3727
346.6181   0.4815
346.6250   0.6048
346.6319   0.7007
346.6389   0.7900
346.6458   0.9138
346.6528   0.8927
346.6597   0.9743
346.6667   0.9833
346.6736   1.0447
346.6806   0.9953
346.6875   1.1286
346.6944   1.1827
346.7014   1.2612
346.7083   1.3118
346.7153   1.1747
346.7222   1.2733
346.7292   1.2631
346.7361   1.2932
346.7431   1.3124
346.7500   1.2781
346.7569   1.1664
346.7639   1.1753
346.7708   1.1811
346.7778   1.0823
346.7847   1.0135
346.7917   0.9343
346.7986   0.8600
346.8056   0.7939
346.8125   0.6990
346.8194   0.6026
346.8264   0.5078
346.8333   0.4200
346.8403   0.3356
346.8472   0.2062
346.8542   0.1344
346.8611   0.0297
346.8681   -0.0817
346.8750   -0.1494
346.8819   -0.2636
346.8889   -0.3518
346.8958   -0.4436
346.9028   -0.4970
346.9097   -0.7294
346.9167   -0.8041
346.9236   -0.9165
346.9306   -1.0031
346.9375   -1.1172
346.9444   -1.0308
346.9514   -1.0764
346.9583   -1.0516
346.9653   -1.0634
346.9722   -1.0593
346.9792   -1.1262
346.9861   -1.0976
346.9931   -1.0560
347.0000   -1.0066
347.0069   -0.9554
347.0139   -0.9570
347.0208   -0.8993
347.0278   -0.8391
347.0347   -0.7523
347.0417   -0.6577
347.0486   -0.6180
347.0556   -0.5543
347.0625   -0.4623
347.0694   -0.3907
347.0764   -0.3057
347.0833   -0.2198
347.0903   -0.1349
347.0972   -0.0479
347.1042   0.0439
347.1111   0.1357
347.1181   0.2257
347.1250   0.3358
347.1319   0.4274
347.1389   0.5146
347.1458   0.5847
347.1528   0.5922
347.1597   0.5946
347.1667   0.6824
347.1736   0.7205
347.1806   0.7785
347.1875   0.8365
347.1944   0.7875
347.2014   0.8457
347.2083   0.9594
347.2153   1.0260
347.2222   1.0917
347.2292   1.0916
347.2361   1.0103
347.2431   0.9711
347.2500   0.8832
347.2569   0.9330
347.2639   0.9239
347.2708   0.9846
347.2778   0.9095
347.2847   0.8789
347.2917   0.7416
347.2986   0.6803
347.3056   0.6166
347.3125   0.5222
347.3194   0.4639
347.3264   0.3637
347.3333   0.2547
347.3403   0.1573
347.3472   0.0815
347.3542   0.0057
347.3611   0.0828
347.3681   0.0377
347.3750   -0.0917
347.3819   -0.2310
347.3889   -0.3238
347.3958   -0.4095
347.4028   -0.5252
347.4097   -0.6219
347.4167   -0.7915
347.4236   -0.8943
347.4306   -0.9691
347.4375   -1.0177
347.4444   -1.0393
347.4514   -1.1181
347.4583   -1.1312
347.4653   -1.1776
347.4722   -1.2642
347.4792   -1.2596
347.4861   -1.2716
347.4931   -1.2795
347.5000   -1.2749
347.5069   -1.2770
347.5139   -1.2429
347.5208   -1.1909
347.5278   -1.1775
347.5347   -1.0661
347.5417   -1.1290
347.5486   -1.0578
347.5556   -0.9741
347.5625   -0.8948
347.5694   -0.8779
347.5764   -0.6591
347.5833   -0.6168
347.5903   -0.5980
347.5972   -0.4825
347.6042   -0.3967
347.6111   -0.3051
347.6181   -0.0951
347.6250   0.0355
347.6319   0.1544
347.6389   0.2616
347.6458   0.3661
347.6528   0.4672
347.6597   0.5801
347.6667   0.7049
347.6736   0.8058
347.6806   0.9072
347.6875   1.0156
347.6944   1.0870
347.7014   1.1998
347.7083   1.2879
347.7153   1.3114
347.7222   1.3767
347.7292   1.2377
347.7361   1.2807
347.7431   1.3054
347.7500   1.5251
347.7569   1.7429
347.7639   1.6840
347.7708   1.6426
347.7778   1.5395
347.7847   1.5543
347.7917   1.2495
347.7986   1.4242
347.8056   1.3269
347.8125   1.1712
347.8194   1.0819
347.8264   0.9285
347.8333   0.9547
347.8403   0.8563
347.8472   0.7495
347.8542   0.6643
347.8611   0.5566
347.8681   0.4782
347.8750   0.3823
347.8819   0.2838
347.8889   0.1852
347.8958   0.1033
347.9028   0.0028
347.9097   -0.0969
347.9167   -0.2034
347.9236   -0.3029
347.9306   -0.4332
347.9375   -0.5282
347.9444   -0.6290
347.9514   -0.7158
347.9583   -0.8097
347.9653   -0.8659
347.9722   -0.9176
347.9792   -0.9819
347.9861   -1.0371
347.9931   -1.0023
348.0000   -0.9931
348.0069   -1.0334
348.0139   -1.0475
348.0208   -1.1281
348.0278   -1.1000
348.0347   -1.0666
348.0417   -1.0330
348.0486   -1.0099
348.0556   -0.9091
348.0625   -0.8455
348.0694   -0.7820
348.0764   -0.7101
348.0833   -0.6420
348.0903   -0.5695
348.0972   -0.5074
348.1042   -0.4821
348.1111   -0.4826
348.1181   -0.4108
348.1250   -0.3452
348.1319   -0.2412
348.1389   -0.1344
348.1458   -0.0209
348.1528   0.0722
348.1597   0.1444
348.1667   0.2380
348.1736   0.3236
348.1806   0.3970
348.1875   0.4710
348.1944   0.6004
348.2014   0.6421
348.2083   0.7184
348.2153   0.7952
348.2222   0.8989
348.2292   0.9163
348.2361   0.9850
348.2431   0.9629
348.2500   0.9923
348.2569   1.0342
348.2639   1.1054
348.2708   1.4903
348.2778   1.4665
348.2847   1.4460
348.2917   1.4036
348.2986   1.3798
348.3056   1.3767
348.3125   1.3883
348.3194   1.3029
348.3264   1.1360
348.3333   1.0751
348.3403   0.9536
348.3472   0.8884
348.3542   0.8233
348.3611   0.7517
348.3681   0.7479
348.3750   0.6522
348.3819   0.5509
348.3889   0.5428
348.3958   0.3941
348.4028   0.2750
348.4097   0.1556
348.4167   0.0163
348.4236   -0.1004
348.4306   -0.2103
348.4375   -0.3499
348.4444   -0.3787
348.4514   -0.4943
348.4583   -0.6095
348.4653   -0.7153
348.4722   -0.7441
348.4792   -0.7548
348.4861   -0.8338
348.4931   -0.9797
348.5000   -1.0591
348.5069   -1.1170
348.5139   -1.1353
348.5208   -1.1485
348.5278   -1.1616
348.5347   -1.3021
348.5417   -1.2899
348.5486   -1.2634
348.5556   -1.2799
348.5625   -1.1911
348.5694   -0.8584
348.5764   -0.8406
348.5833   -0.8161
348.5903   -0.9062
348.5972   -0.8038
348.6042   -0.7040
348.6111   -0.6698
348.6181   -0.5708
348.6250   -0.4586
348.6319   -0.3453
348.6389   -0.2247
348.6458   -0.1041
348.6528   0.0010
348.6597   0.1074
348.6667   0.2462
348.6736   0.3609
348.6806   0.4682
348.6875   0.5470
348.6944   0.6545
348.7014   0.7575
348.7083   0.8634
348.7153   0.9382
348.7222   1.0421
348.7292   1.1357
348.7361   0.9348
348.7431   1.0119
348.7500   1.0877
348.7569   1.1302
348.7639   1.0737
348.7708   1.1192
348.7778   1.2583
348.7847   1.3522
348.7917   1.3807
348.7986   1.3597
348.8056   1.4479
348.8125   1.3985
348.8194   1.2184
348.8264   1.1318
348.8333   1.1676
